   2.0000000e+00  -1.1247240e+00   6.5625428e-01   2.7279018e-02  -3.5688623e-01  -2.2610621e+00  -1.8346784e-02   1.0051294e+00   2.8594450e-01   1.5493493e+00  -1.2074260e+00
   1.0000000e+00   6.5535527e-01  -1.5204680e-01  -2.2796738e-01   6.5490979e-01   1.2014326e+00   2.7506258e-02   2.0637272e+00   2.7336726e-02  -1.3556777e-01  -1.0750189e+00
   2.0000000e+00  -2.5048319e-01   1.5781042e+00   1.0537250e+00  -5.1164465e-01   8.6019514e-02   5.7215704e-01   2.1228273e+00   1.3877195e+00   3.6454248e-01   5.2260382e-01
   2.0000000e+00  -2.4679987e+00   7.3747071e-01  -1.7854918e+00   4.4791333e-01  -2.1188367e+00  -6.9132602e-01   1.1945380e+00   2.0384934e-01  -3.6103688e-02  -3.1590212e-03
   1.0000000e+00   4.8798352e-01  -1.2796907e+00  -1.3531180e+00   2.5451563e-01   5.6301438e-01   1.9034293e+00  -9.6994230e-01   2.7482610e-01   2.4934598e-01  -6.4756300e-02
   2.0000000e+00   1.1315502e+00  -8.0748912e-01   1.3642783e-02   5.0086995e-01   5.0587701e-01  -8.6171257e-01   6.5914812e-01   1.1514715e+00   1.6773458e+00   6.6844563e-01
   2.0000000e+00  -1.2063259e+00   1.3916042e-01  -1.5205113e+00   5.5144780e-01   6.4466706e-01  -8.6616823e-01   5.7185187e-01  -1.0535202e+00   9.7925397e-01   7.0873477e-01
   1.0000000e+00   3.5155593e-01   2.7361358e-01   4.6862994e-01   1.5451679e+00   6.7905242e-01  -8.8283977e-01  -6.1952293e-01   3.1455325e-01  -5.9856282e-01   2.3291024e-02
   2.0000000e+00   9.6089440e-01   1.2754093e-01   1.3196433e+00   1.9231841e+00  -3.0019935e-01  -3.4837740e-01  -2.8178753e+00  -6.7771587e-01  -6.3492646e-01   9.5837026e-01
   1.0000000e+00   1.6525082e-01   5.1091910e-01   6.8972354e-01  -7.2826340e-01   6.0335943e-01  -1.1143175e+00  -2.1488210e+00  -1.3037077e-01   3.0736173e-01   2.2561114e+00
   2.0000000e+00   1.5345565e+00  -1.2238550e+00  -1.6460124e+00  -1.2615543e+00  -9.9680047e-01  -1.3432087e-01   2.1388843e-01   2.6506514e-01  -5.1169015e-02  -4.8940296e-01
   2.0000000e+00  -5.3160247e-01   9.7375752e-01   1.3977390e+00   5.7123285e-01  -8.5719522e-02  -1.1715742e+00   1.0281090e+00  -1.0080806e+00  -4.8222283e-01  -2.9651658e+00
   2.0000000e+00  -4.7193670e-02  -1.8835354e+00  -1.4123373e-02  -4.4059589e-01   2.1204637e+00  -1.6407232e+00  -1.7383985e+00   8.7094852e-01  -6.4120549e-01   1.1122527e+00
   1.0000000e+00   1.8075534e-01   1.7766825e+00  -1.4810909e+00  -1.7881127e+00   1.3577474e-01   1.3358301e-02   6.7338464e-02   3.6099439e-01   2.4814740e-01  -1.0951931e+00
   2.0000000e+00  -3.4054604e-01  -7.1559311e-01   8.2699507e-02   3.6222830e-02   1.2518051e+00  -5.0610392e-01  -3.5536690e-01  -1.0123005e+00  -1.3812822e-01  -2.1897843e+00
   2.0000000e+00   8.7243332e-01  -3.5787839e-01   1.1471548e-01   6.9249674e-01  -6.0920053e-01   3.1694673e-01  -1.0485773e-01   1.1407871e-02  -3.6202011e-01  -4.6650520e-01
   2.0000000e+00  -1.5756272e+00   5.6558337e-01  -6.2565362e-01   1.8860415e+00  -3.7423989e-01   3.1399408e-01  -8.5904784e-01   6.0556651e-01   9.4742465e-01   7.0434683e-01
   2.0000000e+00  -1.6748160e+00   8.4685367e-01  -2.9708015e-01   8.8072443e-01  -1.1874484e+00   7.7746557e-01  -1.5204182e+00   1.3237132e-01  -2.4268206e-01   8.6675627e-01
   1.0000000e+00   1.9653287e-01   6.6440433e-01   1.9228683e+00  -3.3223624e-01  -4.1970311e-01  -8.4690729e-01   1.0947388e+00   1.2274160e+00  -2.1401983e-01  -2.9513254e-01
   2.0000000e+00   8.1185338e-01   8.3010656e-01   5.2365842e-01   1.0082928e+00   4.8156025e-01   7.3382464e-01   1.3959021e+00  -1.0261372e+00  -4.0493132e-01  -1.3518837e-01
   1.0000000e+00   3.1523527e-01   1.8775945e+00  -2.3858330e+00   1.4666254e-02   5.7929059e-02   6.2402530e-01  -4.1022585e-01  -8.9854074e-01  -7.1223332e-01  -8.2834550e-01
   2.0000000e+00  -3.2390423e-04   1.7775915e-01   8.3569589e-01   3.5649448e-01  -6.1750625e-01  -7.9290285e-01   4.6178752e-01  -2.6412256e-01   6.1177042e-01  -3.2466990e-01
   2.0000000e+00   3.2382013e-02  -7.6558601e-01  -5.4860128e-01  -7.9118517e-01  -7.3591451e-01   6.8604749e-01  -2.0872948e-02   1.2497238e-01  -1.7423118e+00  -1.9838406e-01
   2.0000000e+00  -5.3261014e-02  -5.7585275e-01   6.2954631e-01  -1.4563563e+00   5.8802236e-01  -8.6801192e-01   3.9932600e-01   2.0822331e+00   9.3018655e-01  -8.8527931e-01
   2.0000000e+00   1.0602746e+00   7.7184177e-02   1.5331201e+00  -8.6049871e-01  -1.1326046e+00   9.7009147e-01  -7.7942730e-01   6.5702385e-01  -6.2422563e-01  -1.5755246e+00
   1.0000000e+00   6.5910103e-01   4.4230285e-01  -8.2142534e-01   1.4707725e+00  -3.6658476e-01   4.9043359e-01  -1.9482668e-01  -5.2469779e-01   1.6915418e-01  -2.3647441e-01
   1.0000000e+00   2.4162744e-01   3.9724427e-01   6.0564894e-01  -6.7862210e-01  -7.0351913e-01  -3.4883570e-01   4.2481633e-01  -3.3789025e-01   5.4540804e-01  -2.4142935e-01
   2.0000000e+00  -1.5628765e-02   4.7721172e-01   2.4427180e-01  -6.0306417e-01   3.7508636e-01  -1.0974465e-01  -1.0176026e+00  -1.4012389e-01   1.3581066e+00   8.9182610e-01
   2.0000000e+00   2.6911727e-01  -7.2207252e-01  -3.8662903e-01  -5.1475924e-01  -6.8869104e-01  -2.7538896e-01   5.1078138e-01   6.7173473e-01   1.8909822e+00  -5.0495617e-01
   2.0000000e+00  -1.8882493e+00   1.3474484e+00  -8.1964567e-01   8.4074203e-01  -4.1637835e-01  -1.0905396e+00   1.4102879e+00  -6.8077163e-01  -2.7342100e-02  -3.6656160e-01
   2.0000000e+00   1.0004207e+00  -3.2714221e-01   8.7844702e-01  -2.5854808e-02  -1.5092713e+00   7.8467142e-01   6.5231202e-01  -9.7038320e-01  -1.2052645e+00  -1.3433904e-01
   2.0000000e+00   8.8446432e-01  -1.4052893e-01   7.0167160e-01  -1.2447487e+00   1.4309285e-01  -3.0552150e-01   2.2547188e-01  -8.9109581e-02   4.3713886e-01   1.3157879e+00
   2.0000000e+00   1.0497304e+00   4.4793537e-01  -7.7127228e-01  -8.0332840e-01  -2.9116004e-01  -1.6727700e+00   4.5716063e-01   5.6350852e-01   6.7881210e-01  -9.0744503e-01
   2.0000000e+00  -6.4952027e-01  -7.9621113e-01   5.1805294e-01  -1.3721372e+00  -6.8558976e-01   8.4733467e-01  -3.5706298e-01  -5.1682245e-01  -1.3229718e+00  -5.7104555e-01
   2.0000000e+00   1.4336315e+00   1.5077229e+00   2.3180092e-01   1.3496911e-01   3.8162040e-01   7.0163334e-01  -3.9793649e-01  -1.5732052e+00  -9.3582324e-01   2.3379512e-01
   2.0000000e+00  -8.2563832e-01   1.6762184e-01   3.2631780e-01  -1.1672957e-01   1.5107079e+00   8.2535546e-01  -1.3927469e+00   1.5652292e+00  -1.8898247e-01  -1.0151093e+00
   1.0000000e+00   2.7737951e-01  -6.4554542e-03  -1.4554061e+00   6.2548057e-01   5.1079466e-01   8.4165512e-02   7.2434574e-01   5.4142903e-01  -5.3466352e-01   3.3764836e-01
   2.0000000e+00   1.1213735e+00   1.9338054e+00   2.0391816e-01  -1.4536672e+00   4.9923828e-01  -9.9381162e-02  -1.4844466e+00  -3.2975301e-01   2.3414091e-01  -9.4299896e-01
   2.0000000e+00  -1.7610257e+00  -4.4976787e-01  -2.8601001e-02   8.3999061e-01  -1.3425376e+00  -8.6414627e-01  -3.9900716e-02   9.9101922e-01  -8.4703191e-02  -8.8835320e-02
   2.0000000e+00  -6.9520860e-01  -1.0208456e-01   3.1078664e+00  -8.6996711e-01  -2.0302511e+00  -9.3117507e-01  -4.8720440e-01  -6.0210057e-01  -1.4304581e+00   4.1231523e-01
   2.0000000e+00  -1.3330811e-01   2.1180026e-01   5.7644561e-01  -5.9147843e-01  -6.5902681e-01   1.3905609e+00  -1.7679594e+00   3.3630839e-01  -2.0016179e-02   3.5464664e-04
   2.0000000e+00   2.6831143e+00  -4.4708513e-01   7.0011913e-01   1.9731112e+00   1.8452361e-01  -5.8556608e-01   3.5132617e+00  -1.1331518e+00  -3.7738813e-01   3.7841566e-01
   2.0000000e+00  -6.8370677e-01   1.2401259e+00  -1.8468104e-01   1.5145091e+00  -1.8928264e+00  -6.3027683e-01  -7.7134425e-02  -1.3311544e+00   5.7038567e-02  -4.3203508e-01
   2.0000000e+00   5.7796577e-01  -1.2986137e+00   8.0625355e-02   4.9104918e-01  -1.2611959e+00   1.4267487e+00  -5.8430201e-01   2.6713175e+00  -2.3736410e-01   1.7513271e-01
   2.0000000e+00  -6.6803918e-01  -9.7672665e-01   1.0667904e+00  -8.7016342e-01   1.3580891e-01  -2.6270729e-01   2.6794346e+00  -3.4509915e-01   1.8776209e+00   7.1261036e-02
   1.0000000e+00   5.3797917e-01  -1.9564759e+00  -3.7457200e-01   1.1975709e-01   1.4839493e+00  -6.8243728e-02   5.2064165e-01  -1.7357501e-01   5.0756939e-01  -1.0006059e+00
   1.0000000e+00   7.1755229e-01  -1.5591445e+00  -4.6413892e-01   1.2403281e-01  -6.0873058e-01  -1.6626283e-01  -4.1461380e-01  -1.1267330e+00   5.0309909e-01  -1.8089115e-02
   1.0000000e+00   7.3543709e-01   4.2836693e-01   4.6467576e-01  -6.1829863e-01   1.1284336e+00  -4.8406777e-02  -1.7194866e+00  -1.1349006e+00  -2.4112388e-01  -7.2600049e-01
   1.0000000e+00   1.4136286e-01  -4.2279145e-01   6.2793896e-01  -1.2474448e+00   1.2506317e+00  -1.6203677e-01   3.6737047e-01  -5.1080498e-01   3.4527144e-01  -3.4267998e-01
   2.0000000e+00  -2.9751334e-01   5.1294492e-01   1.8605955e-01  -1.5217216e+00   5.3111982e-01  -6.6656910e-01   2.1379944e+00   8.6740564e-01  -3.5091563e-02  -1.2983332e-02
   2.0000000e+00  -8.2803852e-01  -7.9860580e-03   2.5716607e-01  -6.3603303e-01   5.1059512e-01   7.2326956e-01  -1.0322449e+00   5.2317817e-01  -2.2742539e-01  -6.6718423e-01
   2.0000000e+00   8.2721044e-01  -7.8726481e-02   1.3425867e+00  -9.3254517e-01  -4.8224795e-01  -4.1874842e-01   1.6700050e-01  -2.3417180e-02   1.0169181e+00  -3.1009306e-02
   1.0000000e+00   1.2335837e-02  -8.8757237e-01   1.6957212e-01   2.0341396e+00  -3.3010394e-01   1.3483940e+00   7.1101798e-01   8.1532607e-02   6.4244985e-01   2.0471935e-01
   2.0000000e+00   2.4015983e+00   1.4068971e+00  -5.1919280e-01  -3.1796339e-01   1.2043092e+00  -2.7038447e-01  -2.6184573e+00  -1.8756481e+00  -9.6060222e-01   3.4040308e-02
   1.0000000e+00   2.0658034e-01  -3.3986142e-01  -8.7473471e-01   6.3237278e-01   3.1573018e-01  -4.7119545e-01  -1.4674587e+00   2.9477070e-01  -4.3217068e-01  -7.5762633e-01
   2.0000000e+00   6.5254260e-01   1.8785553e+00   3.6480563e-01   2.2588393e+00  -3.7996196e-01   1.5801580e-02  -1.2778002e+00   6.3007821e-01   6.3848390e-01  -1.8941460e-02
   2.0000000e+00  -2.2219884e-01  -5.9184865e-01  -5.8133256e-01   1.7555840e-01   6.3754344e-01  -7.0154840e-01   2.1973927e+00  -4.9838955e-01   1.0235050e+00  -1.6583818e+00
   2.0000000e+00   2.2363330e+00  -7.3875246e-02  -1.0634980e+00  -7.4618425e-01   2.1099705e-01  -1.1704893e-01   1.3533738e+00   2.0868638e-01  -5.8028977e-01  -9.4971669e-01
   2.0000000e+00  -2.4919094e-02  -5.9433819e-01  -3.9347675e-01  -1.3139657e-01   1.8386083e+00  -4.7045730e-01  -7.8037515e-01   2.8912449e-01  -8.3508760e-01  -3.5721955e-01
   2.0000000e+00   1.5915639e+00   1.5550446e+00   2.8683915e-01  -1.6381296e+00  -1.2964074e+00   7.8171117e-01   1.4463200e+00   2.4091112e-01   5.2901442e-01   3.2399668e-01
   2.0000000e+00  -3.7787482e-01   1.7877930e+00   2.8436878e-01  -8.8451670e-01   4.9295145e-02  -2.5828174e+00   4.2371293e-01   2.1300208e+00  -6.4586410e-01   1.0516674e-01
   2.0000000e+00  -4.0915046e-01   2.9470348e+00  -2.3548638e+00  -4.7707143e-01  -3.0284281e-01   1.0635006e+00   1.1463823e+00  -2.7556162e-01  -7.8245935e-01   6.1242389e-01
   2.0000000e+00  -3.1242877e-01  -9.9494251e-01  -1.2272018e+00  -1.1601746e+00   1.3731624e-01   1.3003619e+00   1.9799721e+00   3.5811980e-01   1.3631408e+00   8.9807257e-01
   2.0000000e+00   1.4928909e+00  -3.6382170e-01  -1.8477135e-01  -2.5311112e-01  -1.8051415e-01  -8.7278817e-01  -4.0244181e-01   1.2121686e+00   5.7402461e-01  -1.2549360e+00
   2.0000000e+00   1.1968043e+00  -6.1610539e-01   1.5517545e+00   1.3620098e+00  -4.8238558e-01  -1.6444599e-01   9.9297756e-01   2.2746156e-01  -9.6406841e-01   2.2255518e-02
   2.0000000e+00   1.4090354e+00  -5.3180699e-02  -1.0577446e+00  -1.1478557e+00  -1.5089596e+00  -1.1093251e+00   1.1067633e+00  -2.8203314e-01   5.7890581e-02   1.6568526e+00
   2.0000000e+00   2.0937777e+00   2.8029086e-02   1.7657861e+00   1.3164241e+00  -3.7817666e-01  -5.5841614e-01  -5.1178594e-01   2.1845798e+00   1.4640888e+00   8.1207969e-01
   2.0000000e+00   2.7712019e+00   4.5847111e-01  -4.1911479e-02   1.1172560e+00   6.7033640e-01  -5.6471272e-01   4.9585591e-01   8.3755291e-01   1.2389698e+00   6.8158310e-01
   2.0000000e+00  -1.1127348e+00  -1.5460144e+00   1.3240750e+00  -1.5764841e+00  -9.9270828e-01  -1.2468026e+00  -2.8468714e-02   5.6964675e-01  -4.6304492e-03  -7.2730177e-01
   2.0000000e+00  -1.7929810e-01   1.2147575e+00  -2.8160255e-02  -3.5414736e-02  -2.8463916e-02   3.8420258e-01  -7.4280893e-01   9.5315725e-01  -7.7634526e-01  -2.1059097e+00
   2.0000000e+00  -1.9194861e-01   7.6742755e-01   1.0528002e+00  -2.6465721e-01   1.0573117e+00  -5.2368924e-01  -5.9308078e-01  -9.2033617e-01  -1.4650192e-01   2.6117413e-01
   2.0000000e+00   1.5616928e+00   1.4887005e-01  -8.1729947e-01   6.9135317e-01  -1.4011729e+00   8.7451154e-01   6.9119736e-01  -2.5258690e-01  -8.6086059e-02   9.6054357e-01
   2.0000000e+00  -1.0291443e+00  -1.1323141e-01  -1.6592187e-01  -1.0707496e+00   1.2396685e+00  -1.3896207e+00   3.3241995e-01   7.2507162e-01   1.5576216e+00   1.7367370e+00
   1.0000000e+00   3.0766622e-01  -6.3292320e-01   1.8521558e+00  -1.5116926e+00  -6.9949047e-01  -1.0141073e+00  -1.3963063e+00  -5.3052549e-01   7.5024399e-02   1.7142232e-01
   2.0000000e+00   3.3558479e-01   6.7101342e-01   1.8957566e+00  -7.9287651e-01   9.0775929e-01  -7.3246792e-01   2.8224350e+00   6.1869722e-01  -2.1372566e+00  -8.8960412e-01
   2.0000000e+00  -2.3803355e+00   8.5900286e-01   6.6382464e-01   7.9506128e-01   1.1966752e+00  -7.2431270e-01   7.8877393e-01  -1.1770179e+00  -1.8320575e-01  -8.1837261e-01
   2.0000000e+00  -3.2932271e-01  -3.1213104e-01   6.0637694e-01   3.1495054e-01  -1.2006957e+00   9.5043601e-01  -2.1450805e+00  -3.6611079e-01  -1.1553907e+00   4.0647947e-01
   2.0000000e+00   5.4709159e-01  -1.8223533e+00   4.5909111e-01   3.3517509e-01   1.4240398e+00  -5.0181557e-03  -1.4337680e+00   8.2805867e-02   1.7633929e+00   7.8985044e-01
   2.0000000e+00   1.7848136e+00   7.1887944e-02  -2.1946147e-01  -1.6022500e-02   1.2494970e+00  -5.7116425e-01   2.0045061e-01   2.3550669e-01  -2.1298517e+00   3.8498084e-01
   2.0000000e+00   5.9370994e-03  -5.2240795e-01   2.6832466e-01   2.0058617e-01  -1.4341708e-01   6.8028648e-01   1.3231450e-01   6.3105683e-01  -1.6384583e+00  -8.9363936e-01
   1.0000000e+00   3.2575302e-01   7.3351287e-01  -9.6222713e-01  -1.3231329e+00  -1.6059796e+00   6.6522473e-01   5.8958413e-01   4.4082654e-01  -7.3245393e-01  -7.7034196e-01
   1.0000000e+00   1.4539885e-01  -6.5826255e-02   1.3331557e+00  -3.2221610e-02  -8.0866022e-01   2.9340920e-01  -6.0310064e-01   7.2860082e-01   3.2218938e-02  -2.1631118e-02
   2.0000000e+00  -7.2304731e-01  -8.6103464e-01  -7.4467802e-01   1.2692317e+00  -4.9223153e-01  -1.0612158e+00  -1.4390607e+00  -1.6882058e+00  -6.4451599e-01   1.4037194e+00
   2.0000000e+00  -1.5172044e+00   7.6784874e-01  -6.1595234e-02   1.4203268e+00  -6.7261630e-02   1.2323006e+00   5.7221825e-01   1.5216863e-01  -2.3023447e-01   8.1446790e-01
   1.0000000e+00   3.1081540e-01  -4.2972832e-01   1.5053416e+00   2.7500334e-01   1.2287136e+00  -1.0124232e+00  -1.0235657e+00   1.0999263e+00  -8.2941795e-01  -2.9460099e-01
   2.0000000e+00   2.9354514e-01  -1.9335125e+00   1.8265324e+00  -5.3989344e-01   2.0181640e+00   1.6833671e-01   4.6952057e-01   2.5997328e-01   1.0291423e+00  -1.9724198e+00
   2.0000000e+00   8.9927042e-01  -1.8075780e-01  -6.0839973e-01   6.8220642e-01   1.4982380e-01  -1.5280016e+00   1.2432111e+00  -1.4059576e+00  -1.3446368e+00  -5.4157983e-01
   2.0000000e+00   9.8566052e-01  -1.7324260e+00   1.2571422e+00   3.4737510e-01   1.0233892e+00  -6.1056375e-01  -1.3998171e+00  -1.2301771e+00  -1.0158743e+00   8.2750825e-01
   2.0000000e+00   3.8009505e-01   1.5812602e+00   3.8791795e-01   2.5747903e-01  -1.0167043e+00  -1.0264154e+00   3.2412849e-01  -7.0339986e-01  -9.0442891e-01  -6.7672726e-02
   2.0000000e+00  -6.6836575e-01  -1.1376479e+00   1.6264532e+00  -1.0984910e-01   1.5044855e+00  -1.2569834e+00  -5.3919789e-01   1.3067699e+00   1.3892070e+00   1.2470380e+00
   1.0000000e+00   1.4453854e-02   6.8729699e-01   3.6221272e-01  -1.0997512e+00  -1.3675336e-02   8.4583127e-01   1.6957002e+00  -2.6650422e-02   6.1861435e-01  -1.1130081e+00
   2.0000000e+00   1.1085039e+00   2.3125574e-01  -4.7450659e-02  -7.4750819e-02   1.1731172e+00   5.7219620e-01   7.4754470e-01  -8.0216110e-01  -1.2787138e+00   1.3061279e+00
   2.0000000e+00   2.4528377e+00   2.3495820e-01  -8.0628667e-01   1.1385588e-01  -1.1014417e+00   4.5637103e-02  -3.3633555e-01  -9.5138282e-01   8.2459199e-01   5.1141473e-01
   2.0000000e+00  -9.0236235e-01   2.0837084e-02   8.5931419e-01   1.7694007e+00  -1.2059472e-01   8.4803932e-01  -8.8506104e-01   5.0391138e-01   1.2946606e-01  -8.7090179e-01
   2.0000000e+00  -8.9405421e-01  -1.8557718e-02   1.5710522e+00  -3.3978798e-02  -3.1208586e-01   1.6798750e+00  -2.3155041e+00   8.5254727e-02  -1.7377946e-01  -1.1276764e+00
   2.0000000e+00  -1.2645961e-01   1.3389203e+00   1.9660820e+00  -9.3223775e-01  -1.1756260e+00  -4.6031880e-02   5.5884386e-01  -5.3515223e-01  -4.0798713e-02  -4.7305149e-01
   2.0000000e+00   3.8289915e-01   1.0722704e-01  -1.3153331e+00  -5.3961470e-01  -3.9369000e-01   1.8855821e+00   3.1382526e-01   7.9092470e-01   9.3326402e-01   4.0802050e-01
   1.0000000e+00   4.6018836e-01   9.1552679e-01   1.1343898e-01   1.0597391e+00  -4.1458357e-01  -1.3848610e+00  -2.2799319e+00  -2.6625474e-01   2.8747275e-01  -1.6614150e+00
   2.0000000e+00  -2.2935611e+00  -5.2894074e-01  -6.4931950e-01   1.8765473e+00   4.8707049e-01   1.2272105e+00  -8.5924262e-01  -3.5562215e-01   1.6671119e-01  -7.8013588e-01
   2.0000000e+00  -1.0672472e+00   5.8766181e-01  -6.3338434e-01   2.6840020e-01   4.6068571e-02   4.3952680e-01   1.7923495e+00   1.6498323e+00  -1.0018796e+00  -1.0879901e+00
   2.0000000e+00   1.3891905e-01   5.0216293e-01  -1.6165666e-01   3.0471188e-01   1.3538793e+00   2.2823989e-01   1.7085929e+00  -8.9753789e-01   9.9690115e-01   4.8455615e-02
   2.0000000e+00   5.5837913e-01  -1.2014329e-01  -1.3536014e+00   2.0041908e-01  -8.9531172e-01   2.2089197e-01   7.0210914e-01  -4.3448819e-01  -1.8413072e+00   1.1112268e+00
   2.0000000e+00  -1.4709115e+00  -1.6570211e-02   5.3995692e-01  -4.9566293e-01  -4.1695039e-01   4.6109740e-02   6.8977468e-01   7.9910685e-01  -5.3078652e-01   5.3174985e-02
   2.0000000e+00  -1.1793960e+00  -2.8191559e-01  -3.3405722e-01  -5.3430297e-01   4.6739458e-01   6.0439995e-01  -6.6272275e-02   1.3072283e+00   2.5183903e-01   1.4288847e+00
   2.0000000e+00   8.1019803e-01   7.6654172e-01  -1.9949860e+00  -1.9830636e+00   2.2767854e+00  -2.2612574e+00   3.3254431e-01  -1.1180336e+00   1.2000494e+00   1.4644239e+00
   2.0000000e+00   3.5531076e-01  -5.7444162e-01   1.2473784e+00   1.4310741e+00   6.5296980e-01  -9.1949606e-01  -9.1128876e-01   7.2725011e-01   1.8083202e+00  -5.2960068e-01
   1.0000000e+00   7.3542716e-01  -1.2655374e+00   1.3737520e+00   1.1396552e+00   6.0305454e-01   2.2177996e-01   8.7094985e-01   1.7271450e+00  -2.4350994e-01  -3.0788026e-01
   2.0000000e+00  -7.6613788e-01   3.5997751e-01   1.6133730e+00  -6.8594945e-01   1.7998003e-02   1.2067533e+00   6.8896972e-01  -9.8130620e-01  -4.8601304e-01   1.3827649e-01
   2.0000000e+00   7.7664073e-02  -4.0168335e-01  -1.5969412e+00   3.5852581e-01  -3.4217630e-01   1.7336521e+00   1.7988744e+00  -4.8430390e-01   1.0049764e+00  -1.2420959e-02
   2.0000000e+00   1.7449501e+00  -1.1778251e+00  -3.4490249e-01   2.8556113e-01   4.4240266e-01  -4.2597916e-01   3.5482912e-01  -3.9510246e-01  -7.8943317e-01  -8.0787915e-01
   2.0000000e+00   1.4016374e+00  -1.1287171e+00  -1.8870854e-01  -1.1041291e+00  -3.2368605e-01  -2.7234110e-01   7.4913299e-01   1.3592173e+00   4.3572834e-01  -5.7034245e-01
   2.0000000e+00  -1.8798281e+00   4.1785002e-01  -8.8068330e-01   8.9725813e-01  -5.4338338e-01  -1.8345163e+00  -2.4089516e-02  -2.8208413e-01   6.1835675e-01   1.0313532e+00
   2.0000000e+00  -1.4926334e+00   8.8953726e-01  -4.0299961e-01  -7.7238793e-01   7.5683501e-01  -1.1423056e-02  -1.0095194e-01  -4.2759831e-01  -3.2372546e-01   6.1357767e-01
   2.0000000e+00   4.2934515e-01   5.0728514e-01   9.1972428e-01  -9.8155099e-01  -1.6939433e-01  -1.0045079e+00  -8.3552133e-01  -1.7311996e+00   1.2182560e+00  -2.1372376e-02
   2.0000000e+00   1.1022967e+00   1.2265385e+00  -7.6348722e-01   1.0693296e-01   1.1778391e+00  -1.6465428e-01   8.1334780e-01   2.1651600e+00  -1.6007221e-01   8.0414036e-01
   2.0000000e+00  -4.7255700e-01   5.3481497e-01   1.9797012e+00  -1.5988951e+00  -2.6101438e-01   8.7583132e-01  -1.1845033e+00   6.4492766e-02  -6.2812572e-01   4.8482685e-03
   2.0000000e+00  -6.1141998e-02  -4.2065586e-01  -7.4794398e-01  -1.1345622e+00  -6.3517884e-01  -2.8132984e-01  -7.4245568e-01   9.8079302e-01   2.2869513e+00   1.5290195e-02
   2.0000000e+00  -5.8698175e-01  -1.0742176e+00   1.0092354e+00   1.0929007e+00   1.5946723e-01   1.2649690e+00  -1.3606733e+00  -7.7583576e-02  -4.7894716e-01  -5.0331898e-01
   2.0000000e+00  -2.8118996e-01  -1.0069457e+00  -2.6382685e-01  -6.0718784e-01   4.3535760e-01  -5.4584925e-01  -3.2195343e-02  -5.2187613e-01   2.0214554e+00  -2.2872107e-01
   2.0000000e+00   1.0079463e+00  -8.2686118e-02  -7.2308366e-01   4.2097863e-01  -1.4535243e-02   1.5416668e+00   1.9258330e-01  -2.0993461e+00  -1.0207452e+00   9.2956003e-01
   2.0000000e+00   1.6350177e+00  -1.9577458e-01  -4.0141290e-01  -3.5565458e-01  -1.4871092e+00  -1.1409124e+00   2.9656011e-01   1.8538167e+00   9.8340275e-01   4.6083053e-01
   2.0000000e+00  -1.8549922e+00  -1.0139387e+00  -7.8703835e-01   3.4381889e-01   1.2679689e+00  -8.0330840e-01   3.2384027e-01  -9.8854954e-01   1.0744950e+00  -3.8257533e-01
   2.0000000e+00  -1.5393394e+00   9.4908699e-01   1.7769671e-01   2.4264367e-01   1.0251466e+00  -1.7786595e-01  -9.4282127e-01  -1.2794895e-01  -1.4075586e-01   4.5527575e-01
   2.0000000e+00   4.1241910e-01  -3.4861552e-01   1.5293865e+00  -1.0586683e+00   3.3933463e-01   1.4925608e-01  -8.6573463e-01   3.3440491e-01   1.2392743e+00  -7.0649465e-01
   2.0000000e+00  -1.9828185e+00   9.5993331e-01  -4.5322628e-01   6.2797472e-01  -1.5436507e+00   1.3494903e+00  -9.5948268e-01  -1.0936552e+00   1.6856834e+00   1.2167911e+00
   2.0000000e+00  -7.8870330e-01  -1.2725391e+00   7.3251830e-01  -8.3286263e-01   4.4112257e-01  -1.1980043e+00   2.4056726e-01  -8.7659218e-01   1.3815686e+00   6.4857126e-01
   1.0000000e+00   4.2891449e-01   9.0848131e-01  -5.3183428e-02  -3.1953952e-01  -2.0549614e+00   2.0800996e-01   1.0115991e+00   7.1215083e-01  -3.5974447e-01   2.1223131e-01
   2.0000000e+00   5.3866977e-01  -3.1951270e-01   1.2724185e+00  -3.6829954e-01  -1.9341973e+00  -3.4643515e-01   5.9480278e-01   9.7743839e-01  -2.3176702e+00   1.7358694e-01
   2.0000000e+00  -1.0668641e+00   8.2354475e-01  -2.2000854e+00   1.6987648e-01  -1.9853306e+00   4.0321657e-01   1.0922317e+00   7.3364750e-01  -5.1337445e-01  -7.8349525e-01
   1.0000000e+00   9.8018891e-02   1.9431504e+00   7.5607403e-01   2.6426225e-01  -8.3988676e-01   1.8116873e+00   7.1239086e-01  -5.9288729e-01  -4.4524559e-01   6.3203578e-02
   2.0000000e+00  -3.0222643e-01   4.5154706e-01  -7.9520400e-01  -4.7049246e-01  -4.0945796e-02  -1.0268669e+00   1.4451242e-01   7.8198542e-01  -1.1782154e+00  -1.1791364e-01
   1.0000000e+00   5.8576218e-02  -1.5893925e-01  -7.0783511e-01   8.7611694e-02  -1.6801973e+00  -1.8082032e+00   1.3040175e+00   1.8743913e-01   1.1097490e-01   9.2266257e-01
   1.0000000e+00   5.7402068e-01   5.7167848e-01   6.2451467e-02   2.1732401e-01  -3.7291013e-01   2.8430197e-01  -5.1191122e-01   1.6510505e+00  -6.6686333e-02   4.2852009e-01
   2.0000000e+00   7.9095168e-01   3.9636215e-01   2.1821015e+00  -9.6804351e-02   6.9560403e-01  -4.3183801e-01   4.1284192e-01  -6.7914202e-01  -1.5924513e+00  -4.1976063e-01
   2.0000000e+00  -2.7063242e-01  -1.9613291e+00  -5.2433336e-01   5.7023993e-01   7.1877536e-02  -1.0842973e-01  -3.8295203e-01   6.1478691e-01  -5.3099735e-01  -1.0491612e-01
   2.0000000e+00  -3.7059491e-01   1.8483343e+00  -2.9664095e-01  -3.3495100e-01  -1.1620512e+00  -4.0085282e-01   1.0583818e+00   7.1524025e-01  -2.0326278e-01   1.2988351e-01
   2.0000000e+00  -8.8106964e-01   6.8647042e-02  -6.5183084e-01  -7.4312406e-01  -4.7274070e-01   4.6373257e-01   8.0319793e-01   9.0997037e-02   1.4603713e+00  -7.1260208e-01
   2.0000000e+00   6.9776363e-01   1.7373107e+00  -1.1471764e+00   1.4596591e+00   6.6745537e-01  -2.3848436e-01  -9.3304446e-01   1.2827453e+00  -1.6284365e+00  -1.7854439e-01
   2.0000000e+00   1.8809452e-01   2.1425018e-01  -1.1478212e+00  -1.9185040e+00   8.7326664e-01   6.2344026e-01  -4.0407686e-01  -2.2446394e+00   1.9364409e-01  -1.0485292e+00
   2.0000000e+00  -7.0645309e-01  -4.2234101e-01  -9.0372349e-01   8.8294708e-01   6.8793480e-01  -1.1959045e+00  -4.9890694e-01   3.7877472e-01   5.5683794e-02  -3.4071350e-01
   2.0000000e+00   1.3080466e-01  -1.1841564e+00   3.2020429e-01  -7.0267363e-02  -1.2102574e+00   2.3224477e+00   6.5937423e-01   8.8830484e-01  -1.6489941e+00   3.7007196e-01
   2.0000000e+00  -8.3606995e-01  -3.1433683e-01   6.0313461e-01   5.4220779e-01  -4.4496358e-01  -3.9982382e-01   1.9887959e+00   1.4948869e+00   5.1922147e-01   1.5548803e-02
   2.0000000e+00  -2.8487912e-01  -2.0855606e-01   2.5251501e-01  -1.0372544e+00  -5.5224208e-01  -5.3839516e-01   1.0431582e+00  -3.4492525e-01   8.0375665e-01  -8.6416258e-01
   2.0000000e+00  -9.6603465e-01  -1.9106626e+00   1.0772823e+00   8.2378289e-01   1.5396646e+00   1.3800343e-01   9.9885423e-01  -1.3678431e+00   7.5933017e-01  -1.1372149e-01
   2.0000000e+00   1.6430584e+00  -3.4920963e-01   1.5269608e+00   2.4025197e-01   1.0752509e+00   1.8590231e+00   4.1784383e-02   5.8069430e-02  -2.3333595e-01   8.6875044e-01
   2.0000000e+00  -2.2897527e-02   2.2989131e-01   1.4028699e+00   9.2152345e-01   8.9588197e-02   9.0145326e-01   5.3740074e-01   6.1360341e-01   9.9808082e-02   6.9360957e-01
   2.0000000e+00  -5.0686848e-01   1.0087936e+00  -5.1062955e-01   7.1609513e-01  -6.1132368e-01  -1.2388768e-01  -9.8961153e-01   6.1377146e-01   3.0062948e-01  -3.7423422e-01
   2.0000000e+00  -2.1290253e+00   1.0730276e-01   2.2182523e-01  -2.4518979e+00   1.8741360e+00   1.6978877e+00  -2.9409894e-01  -2.0935127e-01   4.8478853e-01  -3.9799331e-01
   1.0000000e+00   7.1489127e-01  -8.7024519e-01  -1.4184381e+00  -6.0192818e-01  -9.4018901e-01   1.4990514e+00   2.6344759e-01   2.5786166e-02   3.8231003e-01  -1.2047610e+00
   2.0000000e+00  -2.4266351e-01   6.9498799e-01  -7.9737721e-01  -5.2266130e-02   5.5253676e-01   1.4971237e-01   6.3702669e-01  -5.1239638e-01   3.5261965e-01   2.6269349e-01
   2.0000000e+00   1.1622646e+00  -1.2985822e+00  -5.0951537e-01   8.7066369e-01  -3.1301045e-01   9.5401727e-01  -2.9914617e-01  -1.1480471e-01  -1.6067847e-01   4.5633766e-01
   1.0000000e+00   3.1368207e-01   6.4714263e-01  -3.6134260e-01  -1.3284211e+00  -6.9038578e-01   7.9287999e-01   1.5504916e+00  -8.6778962e-01  -6.1349338e-01   2.6627796e-02
   2.0000000e+00  -1.1847824e+00  -5.3037435e-01   1.1736475e+00   4.0983978e-01   2.0103497e-01  -1.1863363e+00  -7.0907457e-01  -6.7303974e-01  -5.6981559e-01   5.5583247e-01
   2.0000000e+00   5.5723062e-01   1.8842089e-01  -3.7038509e-02  -1.3254209e+00  -7.3744837e-01  -1.3228577e+00  -4.1462404e-01   3.4295859e-01  -8.8488022e-01  -5.3428747e-01
   1.0000000e+00   6.7557614e-01  -1.7970511e-01  -2.2866754e+00  -6.2240697e-01   2.3322354e+00   1.4237129e+00  -1.3790481e+00   8.8806478e-02  -1.6853273e-01  -1.0622286e+00
   2.0000000e+00   1.0646529e+00  -3.9027373e-01  -8.3954931e-01   1.2739795e+00   9.4748129e-01  -1.3121832e+00   1.0640651e+00  -1.3769014e+00   5.9865302e-01   2.3062018e+00
   2.0000000e+00  -1.5679225e+00   3.9234424e-01  -1.0030741e+00   5.4611536e-01   2.6667221e-02  -7.6423075e-01  -7.0900588e-01  -1.5751358e-01   5.9785124e-01  -6.1351016e-01
   2.0000000e+00  -5.0777437e-02   2.0793577e-01   2.8145476e-01  -3.3669117e-01   1.2405050e-02  -6.3040530e-01  -6.5047834e-01  -1.5006879e+00   2.1128075e-01   1.5985468e+00
   2.0000000e+00   8.5183042e-01   1.8575164e+00  -2.2748350e+00   4.1737388e-01  -9.1177227e-01   5.2105848e-01   1.6676394e+00   1.8733736e+00  -1.4972954e+00  -1.1485034e+00
   2.0000000e+00   3.4126021e-01   3.9091086e-01   1.1142325e+00  -9.4102102e-01  -2.5499445e+00  -1.7554747e+00   9.3666429e-01   8.1440276e-01   1.2422243e+00   8.1696175e-01
   2.0000000e+00   6.5440273e-01   3.8364152e-01  -1.6785278e+00   1.8952436e+00   1.7374452e+00  -1.4223265e+00  -1.7389428e+00  -2.6988338e-01  -1.4291049e+00  -1.0503884e+00
   2.0000000e+00  -1.3679409e-01   1.0817550e-01   2.3769260e+00  -1.4927073e+00   1.9323716e-01  -1.6389789e+00   1.9182285e+00   7.2967951e-01  -6.9485920e-01  -3.9454823e-02
   2.0000000e+00  -1.1136938e+00   1.7628350e+00   1.2238792e-01  -5.3574206e-01   6.9778124e-01   5.8819711e-01  -9.8171268e-02  -7.5247939e-01  -2.2027703e-01   1.2218465e+00
   2.0000000e+00  -7.7820737e-01  -1.3194460e+00   2.5059098e+00  -1.7496327e+00  -1.4244993e+00  -1.4823457e+00   1.1526246e+00  -4.2119563e-01  -2.5712273e-01   1.1233166e+00
   2.0000000e+00   1.0761896e+00  -1.3869513e+00   1.7294999e+00   2.1755231e+00  -5.7296369e-01  -3.6620733e-01  -2.0896227e+00  -5.6429679e-02   4.9491445e-01  -1.1057597e+00
   2.0000000e+00  -3.0744506e-01  -1.1898545e+00  -1.5695630e+00   1.1258732e+00   6.2517007e-01  -8.7469412e-01  -6.6065510e-01  -3.7932044e-01  -1.2346640e+00  -2.1125329e-01
   2.0000000e+00  -4.0690243e-01  -1.2078850e-01   4.9909374e-01  -1.2075458e+00  -6.8928750e-01   2.3078543e-01   5.3301766e-01  -2.5199846e-01   1.5768708e+00  -1.5871005e+00
   2.0000000e+00  -3.1727711e-01  -1.1657165e-01   9.8905007e-02  -1.3983656e+00   1.3741703e+00  -8.5886382e-02  -1.4617040e-02   1.5089438e+00  -9.2440311e-01   2.0453442e+00
   2.0000000e+00  -1.9590371e-01  -7.0920779e-01   1.7396004e-01  -3.4572053e-02  -7.7446372e-01   1.6320509e+00   5.0157060e-01   6.0445332e-01   1.4117236e+00   3.3665966e-01
   2.0000000e+00   2.5999016e+00   1.4956308e-01  -4.2555349e-01   7.4029479e-01   1.0133090e+00  -4.0731575e-01  -3.6714857e-01   1.0244139e+00   3.1993170e-01   4.0086687e-01
   2.0000000e+00   6.9995927e-01  -1.3207905e+00   1.4001891e+00   3.1436584e-01   1.2177056e-01   1.4522016e+00  -7.8569534e-01  -7.2469959e-01  -1.4193527e+00  -9.2601909e-01
   2.0000000e+00  -1.2948066e+00   1.0160017e+00   6.8792686e-01  -2.0079041e+00  -3.9046530e-02   3.1957005e-01   2.8525332e-01  -1.1332313e-01   1.7404225e+00  -4.6150687e-01
   2.0000000e+00  -7.1078546e-01  -5.9249805e-01   4.9925195e-01   3.1117861e-01  -7.6663808e-01  -3.1381510e-01   2.1998515e-01  -4.9299249e-01   9.9260219e-01   4.7762023e-01
   2.0000000e+00   1.3085074e+00   1.2179750e+00  -9.2171235e-01  -2.7522270e-01   9.6122043e-01   8.9182715e-01   1.1352178e+00   1.0353751e-01  -1.3171946e+00   2.7385399e-01
   2.0000000e+00  -2.9391112e-01   1.3023575e-02  -5.2332805e-01   8.3011822e-01   1.1996333e+00  -1.7512113e+00  -8.0057431e-02  -3.6924388e-01  -1.1920120e-01   4.6197375e-01
   2.0000000e+00   1.3357780e+00  -2.9876591e-01  -2.1123306e-01  -5.2139086e-01   9.8789608e-01   2.1146121e+00  -1.6649704e+00   1.7818646e-01  -1.1989938e+00   6.9961463e-01
   2.0000000e+00  -1.5868772e+00   1.3447979e+00   1.1661736e+00  -3.7309020e-01   1.4803895e+00  -5.9236594e-01  -8.6758169e-01  -6.1931347e-01  -7.8789935e-01   7.1761689e-01
   2.0000000e+00   8.7075302e-01   1.7169854e+00  -5.4348340e-02   2.6148054e+00  -9.6564406e-01   1.3866454e-01   1.3704983e-01   7.2320440e-02  -1.3215318e+00  -3.0119047e-01
   2.0000000e+00   1.1518795e+00  -6.0184040e-01  -1.3805622e+00   2.6612360e-01   4.5638611e-01  -8.2316608e-02  -8.2118779e-01   8.5829663e-01   4.4355815e-01   2.4262404e+00
   2.0000000e+00   6.0167736e-01  -9.2249011e-01   8.6037424e-02   4.6737330e-01  -4.2908950e-01  -1.5582104e-01  -1.1467218e-01   6.3822038e-01   1.5987460e+00   6.3046921e-01
   2.0000000e+00  -4.0477180e-01  -1.7147052e+00  -2.1568678e-01  -9.1644237e-01  -2.7923983e-01  -1.7411613e+00  -4.0331098e-01   1.8361675e-01   1.0283217e+00   1.3316953e-01
   1.0000000e+00   7.3273444e-01  -1.0465633e+00  -1.4680957e-01   3.3587938e-01   8.5560804e-01   9.3244571e-01   1.0077256e+00  -1.7243408e+00   2.5954470e-01  -1.2364303e-01
   1.0000000e+00   2.2681305e-01   3.9743135e-01  -9.9859354e-01   6.6181886e-01   1.6666689e+00   6.7561237e-01  -9.5374896e-01   1.0645857e+00  -3.7393288e-02   1.1339230e-01
   1.0000000e+00   2.2016005e-01  -1.2242969e+00   1.2488414e+00   9.9971277e-01  -9.5919190e-01   3.9857654e-01  -4.2668902e-02   1.0844803e+00   5.6000274e-01   2.0062036e-01
   2.0000000e+00  -2.8284756e-01  -1.7229618e-01   7.7456041e-01  -1.1250120e+00   9.2921311e-01   6.1410645e-01   5.1357179e-01  -7.8900948e-01   2.1803046e-01  -1.9576169e+00
   2.0000000e+00   4.4095591e-01   4.5215798e-01   5.2773302e-01   1.5912437e+00   7.0010107e-01   1.5155834e-01   9.3551961e-01  -2.6583963e+00   1.6268107e+00  -2.3893809e-01
   1.0000000e+00   5.6996891e-01   9.9151824e-01   1.1747289e+00   1.5793354e-01  -2.1263927e-01   5.4795216e-01   9.0053841e-02   1.2110510e+00   5.1773038e-01  -6.1026026e-01
   2.0000000e+00   3.8561944e-01   1.7266429e-01   6.7875113e-01  -6.1335670e-01  -9.3996010e-01  -5.4683159e-01  -2.7119129e-01  -1.3845746e+00  -1.2233990e+00  -4.3540659e-01
   2.0000000e+00   9.2081168e-01  -5.9566654e-01  -1.7249190e+00   7.3063362e-01   2.1429195e+00   1.2268388e+00   8.9034407e-01   5.8334342e-02   8.3129963e-01  -5.5148664e-01
   2.0000000e+00  -2.0491186e+00   1.3149712e+00   4.0282305e-01   4.6661136e-02  -7.7680034e-01  -2.4827190e-01   1.0640292e-01  -2.8743221e-01  -1.0369573e+00  -1.0920964e+00
   2.0000000e+00  -7.2534276e-01  -8.1237471e-01  -6.2004011e-01  -9.8377840e-01  -1.2191343e-02   5.4602590e-01  -9.5686715e-01  -7.2817725e-02   3.6082068e-01   1.6562702e-01
   2.0000000e+00  -2.6592659e-02   3.0694165e-01   5.3554913e-01   1.5117748e+00   9.5261822e-01  -1.6894366e+00   1.3774458e+00   4.0595401e-01  -1.5254946e+00   5.2960964e-01
   2.0000000e+00  -2.3335206e+00  -9.2670918e-01   1.0437598e+00  -6.7679051e-01  -1.8895040e+00   9.5651864e-01   6.6045117e-01  -1.2225134e-01  -7.3219952e-02   1.7325135e+00
   2.0000000e+00   1.0143090e+00   5.1606990e-01  -1.3776433e+00  -7.0433973e-02   1.0607961e+00  -1.2265597e+00  -6.6499714e-01  -4.7885849e-01   4.9761581e-01   8.0122757e-01
   2.0000000e+00  -8.3493078e-01   6.2996566e-01   9.9562071e-01   2.2380720e-01  -2.6792526e-01   5.1973216e-01  -6.8467375e-01  -8.6966170e-02   1.4686213e+00  -3.7737200e-01
   2.0000000e+00   6.2659661e-02  -2.8463600e-01   7.2517467e-01  -1.0944904e+00  -1.4658752e-01   2.3865505e-02  -5.6346096e-02   8.4566219e-01   1.0241831e+00  -1.1811228e+00
   2.0000000e+00  -9.1797931e-01   4.3640865e-01   1.7696113e+00  -7.4809771e-02  -2.3741775e-01  -2.4783273e-01   5.5091798e-01   1.2280447e+00  -1.8306272e-01   1.4437655e-01
   2.0000000e+00  -8.6774236e-01  -2.4009578e-01  -7.3479702e-03  -2.6427640e-01  -1.4580945e+00   1.1316447e+00   1.3157300e+00   1.1929019e+00  -2.5459348e-01  -1.3022623e+00
   1.0000000e+00   7.4065278e-01   3.6617519e-01   1.4231183e+00  -7.7435997e-01   2.0330243e+00  -1.7208778e+00   9.2228841e-01   3.9656211e-01  -2.6082764e-01  -3.0697420e-02
   2.0000000e+00  -2.2381526e-01  -3.7038340e-01   1.2633463e+00  -1.9998269e+00   9.3311330e-01  -3.5473403e-01   6.0463615e-01  -1.6864386e-01   1.7853515e-01  -1.2597535e+00
   2.0000000e+00  -5.2496583e-01  -7.5877380e-01   1.0413851e+00  -6.9610757e-01  -1.2779027e+00   1.4072113e-01  -5.9777801e-01   1.6251710e-01  -8.3469766e-01   2.7462892e-01
   2.0000000e+00  -1.1050481e+00   5.5860660e-01  -5.2919739e-01   8.8010511e-01  -5.3806222e-01  -3.2533346e-01   2.4936529e-01  -1.2555977e+00  -9.3546460e-01   2.5023458e-01
   2.0000000e+00  -2.0582523e-01  -1.7163863e+00  -1.2779292e+00   1.4054662e+00  -3.7074777e-01  -1.3724085e+00  -1.1964509e+00  -1.5663093e+00  -1.2962933e+00   6.2386781e-01
   2.0000000e+00  -8.9466301e-01  -1.8555059e-01   2.4589009e-01  -9.5599020e-01   9.5502401e-01  -3.4117710e-01   1.0543774e+00  -6.5470746e-01   4.9121806e-01   1.0605725e+00
   2.0000000e+00   1.7203051e+00  -8.9227655e-02  -2.1539831e+00  -1.2340063e+00   8.3830854e-01   8.6163093e-01   2.2891375e-01  -1.1139409e-01   5.0488730e-01  -7.1020093e-01
   2.0000000e+00   1.0503147e+00  -1.8553760e+00  -8.1701713e-03   4.4909372e-01   1.3316791e+00  -1.1255223e-01  -5.8042174e-01   5.4868162e-01  -2.1452993e+00  -1.4512374e+00
   2.0000000e+00  -1.0258624e+00   1.8306177e+00  -6.3607145e-01   1.5294374e+00   2.3990234e+00   1.5779094e-01  -1.1162334e+00  -1.4335078e+00  -1.4838893e-01  -7.7904023e-01
   2.0000000e+00  -1.8398778e+00   1.8287744e+00   2.7541844e-01  -1.2886550e+00  -1.4585387e+00   1.5963889e+00  -1.4546181e+00  -1.2701575e-02   5.9673162e-01  -1.6424842e+00
   2.0000000e+00  -8.8235493e-01  -1.1906077e-01  -3.2268467e-01  -1.0576968e+00  -3.9101731e-02  -3.2225627e-01  -2.2514004e+00  -2.9946159e-01  -3.7322683e-01  -1.2164983e+00
   2.0000000e+00  -5.1122686e-01  -7.0677360e-01  -6.4016158e-01  -1.3846750e+00  -7.5209393e-01  -1.2467278e+00  -2.4892554e-01   5.5061292e-01   3.4971345e-01   9.3641759e-01
   2.0000000e+00   1.5565924e+00  -4.6542140e-02   5.6603610e-01  -6.3602908e-02   5.7072492e-01   1.0298717e+00  -1.5876814e+00  -2.6338528e-01  -4.0124081e-02   1.1962800e+00
   2.0000000e+00   6.0287917e-01  -2.7243334e-01  -8.8816529e-01   6.7329407e-01   3.7852479e-01  -1.1821755e+00  -7.2577661e-03  -8.8249588e-01  -1.0043203e+00  -7.5618908e-01
   1.0000000e+00   6.0193423e-01   4.7579648e-02   4.5961692e-01   2.3145404e-01   1.3121032e-02  -5.4707303e-01   4.6038008e-01  -4.9304566e-01  -4.8665136e-01  -2.7828733e-01
   1.0000000e+00   4.0448224e-01   1.9581357e+00  -6.2459650e-03  -1.0755236e+00   7.8493758e-01  -4.2233420e-01  -2.2209341e-01  -7.1613216e-01   3.1032326e-01   5.3792272e-01
   2.0000000e+00  -6.5088729e-01   2.3683429e-01   1.5254663e+00   1.1171864e+00  -1.1838410e+00  -1.7218971e+00   5.3898289e-01  -1.1416778e+00   2.1309603e+00  -4.1969057e-01
   2.0000000e+00  -9.1344886e-01  -4.2972888e-01  -9.4878615e-02   1.1679965e+00  -1.3030704e+00   5.9562349e-01  -1.2938595e-02  -1.5646159e-01  -7.6157008e-01  -8.7711829e-02
   1.0000000e+00   4.7848025e-01   1.0240941e+00   8.6603584e-01   1.6129949e+00   2.3163832e-01  -1.8038049e+00  -4.0000250e-01  -5.1660448e-01   6.6568435e-01  -8.1858813e-02
   2.0000000e+00  -6.1000055e-02  -7.1475686e-01  -2.7119988e-01  -6.0225168e-01   6.5252868e-01  -4.3819393e-02   4.5619746e-02  -1.8550544e-01   5.5219477e-01  -1.1210390e-01
   2.0000000e+00  -7.2378315e-02  -8.9116150e-01  -3.8261159e-01   9.2701752e-01  -8.0882111e-01  -5.3755470e-01  -3.2634400e-02   8.9429549e-02   2.1795632e+00  -1.5049057e+00
   2.0000000e+00  -5.0383740e-01   4.9062368e-01  -1.0665854e+00   5.3443948e-02  -1.7725456e+00   3.1915265e-01  -1.5952823e-01  -5.7935954e-01   9.9439758e-01  -3.3354140e-01
   2.0000000e+00   5.8534245e-01   1.9438864e-01   3.2286376e-01   4.8317465e-01   1.3723488e+00  -4.4679651e-01  -8.7266806e-01   2.2436243e+00  -1.4113681e+00   5.0009082e-01
   2.0000000e+00  -9.9333593e-01  -1.2307201e+00  -2.3993731e-01  -1.7387442e-01  -1.5876950e+00   3.2442400e-01  -7.5303811e-01  -1.1927182e+00   7.2297356e-01  -4.3078244e-01
   2.0000000e+00   8.8396316e-01   1.1837588e+00  -1.9052033e-01   5.1085340e-01  -2.5552636e-01   1.8090073e-01  -4.4115549e-01   8.0328617e-01  -1.9546163e-01  -5.0665298e-01
   1.0000000e+00   7.9998517e-01  -1.2043988e+00  -9.5971409e-04   1.5022716e-01   2.2050753e-01  -6.1153846e-01  -6.2448237e-01  -4.5358980e-02   1.5565957e-01  -5.3528065e-01
   2.0000000e+00  -2.6321751e-01  -9.1099281e-01  -1.4555900e+00  -2.8396331e-03   3.5127861e+00   2.8177186e-01  -1.0839950e+00   1.2772831e+00  -2.6847600e-01  -1.7981220e-01
   1.0000000e+00   3.4362302e-01   1.8629637e+00  -1.9565034e-01  -3.2082554e-01   9.3617071e-01   2.2738217e-01   4.7608402e-01   1.6010877e+00  -3.5194283e-01  -2.3525662e+00
   1.0000000e+00   7.5302164e-01   6.1733330e-02   5.2604628e-01   1.0281415e+00   6.0153266e-01   2.5039892e+00  -8.1519875e-01  -1.4116099e+00   2.2670186e-01   3.9465208e-01
   2.0000000e+00  -1.4067328e+00   2.9620763e-01  -1.4066009e+00   1.6921601e+00   8.4030014e-02  -1.3680312e+00  -1.2446368e+00  -2.3986258e-01   1.4441718e+00  -8.8548225e-01
   2.0000000e+00  -1.0819789e+00   5.5007292e-03   5.5198953e-01   1.0079209e-01  -1.5408923e+00  -7.4878361e-01  -3.8528152e-01  -2.0694808e+00   5.2019253e-01   2.0814311e-02
   2.0000000e+00   6.5319301e-01   5.7895714e-01  -2.7009589e-01  -1.6416789e-01   4.1935576e-01  -5.5083261e-01   5.8760854e-01   1.6469904e+00   1.5325912e+00  -1.8382471e+00
   2.0000000e+00  -5.9381488e-01   1.9306147e+00   1.1084411e+00   1.2252928e+00  -1.4831914e+00   1.2783772e+00  -1.9164927e+00  -1.9718460e+00   8.6817869e-01   1.2376616e-01
   1.0000000e+00   1.4614677e-01  -8.6781605e-01  -1.2718053e+00  -1.0101071e+00   4.8803907e-01   5.2221385e-01  -2.3714326e+00   5.4735991e-01   5.9838793e-01   7.3463306e-01
   1.0000000e+00   2.3441807e-01   4.5489805e-01  -2.2336676e-01   1.8344953e-01  -7.5173923e-01  -6.9754855e-01  -2.8794799e-01  -3.8680890e-01   2.8487546e-02  -1.3556313e+00
   2.0000000e+00  -3.5472530e-01   6.3880979e-02   1.5381846e+00   4.9798803e-01   3.4403394e-02   1.0099853e+00  -5.6660818e-01  -1.0926317e-01  -1.1886150e+00  -9.6399111e-01
   2.0000000e+00  -4.2139257e-01   5.2593756e-01   5.2305367e-01  -9.7024282e-02   1.5364099e-02  -8.2831515e-01   5.7490809e-01  -6.2886569e-01  -7.1579842e-02   1.2921151e-01
   2.0000000e+00  -4.7709226e-01   1.5330016e+00   4.8352610e-01   2.0444243e-01   1.1709711e+00   8.8179465e-01  -1.1362549e+00   1.5376606e+00   4.3518741e-01   1.2610641e+00
   2.0000000e+00  -5.9180229e-01   6.2683893e-01  -1.3839972e-01  -1.5305158e+00   1.6553927e+00   1.9119008e-02   2.9608165e-01   4.4812870e-01   7.1698558e-01   5.5006491e-01
   2.0000000e+00   3.5874132e-01   6.2535695e-01  -5.6588985e-01   9.1634350e-01   1.3739510e+00  -4.1869561e-01   6.2746191e-01  -6.4167547e-01  -1.1342991e+00  -4.1802364e-01
   2.0000000e+00   1.3104846e+00   1.4058576e+00   6.8696545e-01  -4.3048897e-01  -1.8398013e-01   1.4476266e+00  -1.8058307e-01   1.1206829e+00  -4.6335233e-01   3.3962922e-01
   2.0000000e+00  -5.3842964e-01  -5.3829237e-01  -5.6678498e-01   1.0355749e-01   1.0217141e+00   1.4719503e+00  -1.7934092e+00   1.4784535e-01   1.3782639e-01  -9.4274951e-02
   2.0000000e+00  -3.2451442e-01  -2.4883747e-01  -3.5860790e-01  -3.1477297e-01   9.2932202e-04   4.2566492e-01   3.2651344e-01   1.0598169e+00  -1.6179246e+00  -4.2423874e-01
   2.0000000e+00  -2.1211574e-01   5.7218341e-01  -1.0619196e+00   1.3353193e+00  -1.1417518e+00  -6.4082826e-01  -1.9314051e+00   7.7254822e-01   2.9269647e-02   7.0178863e-01
   2.0000000e+00  -2.6760657e-01  -4.7285281e-01   3.0405369e-02   5.6550579e-01   1.0797850e+00  -6.3137210e-02  -9.0110474e-01   2.4639078e-01  -2.1048175e-01   1.5928056e-01
   1.0000000e+00   2.6630966e-01  -4.7982634e-01  -7.5371083e-01  -5.5664733e-01   6.0010059e-01   1.7555790e+00  -1.2174764e+00  -1.0756360e+00  -5.2307592e-01  -2.9372467e-02
   2.0000000e+00   4.9955184e-01   7.0670204e-02   4.6572685e-01  -4.6111158e-02   4.8418866e-01   4.5805388e-01   1.2635079e+00  -1.4436785e+00  -1.2014481e+00  -9.0315999e-01
   2.0000000e+00   1.2745963e+00  -9.8095750e-02  -1.8052362e+00  -2.2305209e-01   8.5610751e-02  -5.9648263e-02  -9.5722637e-01   5.4625794e-01   5.8727564e-02   1.3296928e-01
   2.0000000e+00   1.2682515e+00  -3.4044145e-01  -4.5949259e-01   4.5704448e-01   1.8825772e+00  -5.7195709e-01   1.2624708e+00  -1.1583141e+00   1.0119736e+00   6.5641429e-01
   2.0000000e+00  -6.4859032e-01   1.0760569e+00  -3.0513201e-01   2.3693968e+00   4.3427350e-01  -6.5590837e-01   1.8041359e-01   5.3816810e-01   9.6593187e-02   3.6048939e-01
   2.0000000e+00  -1.6116014e-01   7.4493341e-01   1.1773873e+00  -5.8100181e-01  -1.9006672e-01   1.2985292e+00  -5.0311598e-01  -1.0699444e+00  -2.2643314e-01  -1.0855845e-01
   2.0000000e+00  -1.2060654e+00   1.3748810e+00   8.0241335e-01  -3.4636310e-01   1.2711560e+00   3.4023925e-01  -2.1230160e+00   5.2105673e-01   8.3859373e-01   2.5818620e-01
   1.0000000e+00   1.6310078e-01  -8.1614536e-01   1.4687762e+00   4.5230996e-02  -1.9797575e-02   1.2122390e+00   4.2341842e-01  -1.4639585e+00  -7.5357233e-01   2.2480088e+00
   2.0000000e+00  -1.9811132e+00  -6.5054811e-01  -2.2518846e-01  -5.8981191e-02   4.1867246e-01   9.1860001e-01   4.7066682e-01   1.4864673e+00   1.1962559e+00  -2.4266086e-01
   2.0000000e+00   1.1391086e+00   1.2571738e-01  -1.6561270e-01  -1.5103421e+00  -1.3984249e+00   2.1265796e-01   1.5383160e+00   1.6959866e-01  -2.4341111e-01  -2.4479274e-01
   2.0000000e+00   5.3513772e-01  -8.6973943e-01  -9.6149066e-01   2.4264761e+00   4.1002080e-01  -3.4033609e-02  -2.9396331e-01   1.4723130e+00  -1.0258411e+00  -9.3283831e-01
   2.0000000e+00  -7.5425453e-01  -1.2464998e-01  -7.0547767e-01   1.7355151e+00   4.4888672e-01  -9.6536353e-01   2.1044833e-01   8.0080820e-01  -1.1728178e+00   1.0817822e+00
   1.0000000e+00   7.2495191e-01   1.1568236e+00   1.8403611e-01   8.5614887e-02  -3.0803838e-01  -4.9440547e-01  -1.3159170e+00   1.1319819e-01  -2.9500122e-01   1.6577203e+00
   1.0000000e+00   5.6400861e-01   9.5873217e-01   3.2936843e-01   1.4270353e+00   9.7767081e-01  -9.4684094e-01   1.3237572e+00  -1.7802858e-01   1.9605541e-01  -7.2652738e-01
   2.0000000e+00  -1.0932250e+00  -4.4613650e-01   1.0713955e+00  -1.5125544e+00   3.2909435e-01  -4.4039073e-01   7.1667743e-01  -4.6874453e-01   7.1667417e-01  -1.0906892e+00
   2.0000000e+00   1.1333263e+00  -1.3398595e+00   8.7955074e-01   2.3340148e-01  -6.8261374e-01   6.8624594e-01   2.3234810e-01  -1.0940668e+00  -1.3567794e+00   5.8092710e-01
   2.0000000e+00  -2.7722059e-01  -2.2380923e-01  -1.5209469e+00   1.5937040e+00  -1.3062420e+00   3.7989306e-01  -1.6602383e-01   3.2297499e-01   4.6170799e-01   6.9944815e-01
   2.0000000e+00  -6.1927479e-02   1.5387098e-01  -1.0067938e+00  -2.2538373e-01   3.0369288e-01   7.2021001e-01   1.1309144e+00   1.4292211e-01   1.1174953e+00   4.3636266e-02
   2.0000000e+00  -1.3349853e-02  -1.5458443e-01   5.8534082e-02   1.2880295e-01  -1.5618114e-01   1.8158008e-01   2.8842074e+00  -1.1299063e+00  -1.8939843e-01   2.4099796e+00
   2.0000000e+00   1.0033538e+00   4.7291108e-01   2.4388253e-01  -2.2755480e-01   4.0492966e-01  -3.3433006e-01  -1.2106339e+00   2.6094963e-01  -1.3998155e+00  -5.1989910e-01
   2.0000000e+00   1.4823439e+00   1.6105311e-01  -3.6361496e-02   7.2261954e-01  -4.6400085e-01   9.9922639e-01  -1.5661250e+00   6.8453450e-01  -1.3102430e+00   7.2820306e-02
   2.0000000e+00   1.0368803e-02   1.4276997e+00   8.3617870e-01  -3.0564598e-01   1.4045571e+00   1.9436980e-01   1.3249524e+00  -2.3204257e-01  -1.0578614e+00   7.8277578e-01
   2.0000000e+00   3.9485602e-01  -1.2370875e+00   1.2721807e+00  -4.2866997e-01   2.7126086e-01  -7.9624199e-01  -2.1616772e-02  -7.7851022e-01  -1.7025335e+00  -3.7063702e-01
   2.0000000e+00  -2.1122258e-01   1.0516898e+00  -1.3362953e-01  -1.2197676e+00  -1.4330168e+00   2.0916983e-01  -1.1318924e+00   3.4657235e-01   1.8014605e+00  -1.4923871e+00
   2.0000000e+00  -9.3743159e-01   8.7751362e-01  -5.1261583e-01   1.3627231e+00  -2.7485702e-01  -8.3706007e-01  -8.8846271e-01  -8.8572154e-01  -1.1064957e+00  -9.2727566e-02
   2.0000000e+00   1.2752357e+00   3.1464010e-01  -6.4365333e-01  -7.8534079e-01  -8.2227857e-01  -9.7827586e-01  -2.8236754e+00   1.9884898e+00   8.1901378e-01  -5.0550469e-01
   2.0000000e+00  -2.1337243e+00  -1.6025175e+00  -9.2601694e-01   5.6168574e-01  -8.7113877e-01   1.6044355e+00  -6.7930075e-01   1.1169603e+00  -1.8444000e+00   3.5956790e-01
   2.0000000e+00   5.8416932e-01  -1.3730982e+00  -8.8189292e-01   6.1763376e-01   5.8088391e-01   1.6807554e+00   2.2061339e+00  -1.8292542e-01  -1.3512569e+00   1.1562347e+00
   2.0000000e+00  -1.2166303e+00  -1.5668885e+00   2.7456344e-01  -1.6262197e-01   6.2174576e-01  -6.5379566e-02  -4.8079525e-01   5.8075055e-01  -2.8142445e-01   1.1774301e+00
   2.0000000e+00   2.1181114e+00  -1.8568532e+00   1.1782751e+00  -1.1812373e+00   1.4073508e+00  -9.2173278e-01   1.3784964e+00  -2.1648785e-01   3.1706618e-01  -1.0593593e-01
   2.0000000e+00  -1.2777840e+00   2.6310500e-01  -3.6202086e-01   6.8455595e-01  -6.1665302e-01   1.9023451e-01   3.7746995e-01   5.0994764e-01  -1.6565672e-02   9.4569015e-01
   2.0000000e+00   3.3890427e-01  -1.6236431e+00  -1.0238884e-02   1.3286963e-01   4.2659174e-01  -4.1008102e-01  -1.1115331e+00  -1.2313589e+00   9.6387969e-01  -2.4177351e+00
   2.0000000e+00  -6.8317056e-01   7.0239706e-01   3.2273499e-01   1.4291836e+00   1.5232829e-01  -1.0213410e+00  -4.1765146e-01  -2.7333938e-01  -1.0837527e+00   1.1319341e+00
   2.0000000e+00  -1.7593660e+00   1.7465002e+00  -2.5818474e-01   6.7864812e-01  -3.9682748e-01  -1.8468181e-01  -2.8926012e-01   1.6860523e+00   1.6944590e+00   5.0584849e-01
   2.0000000e+00  -3.1698444e-01   2.5498022e+00   3.6738707e-01   1.3309140e+00   5.4052407e-01  -3.5128505e-01   3.4745798e-01  -2.0663019e-01   1.0403313e-01  -1.4815203e+00
   2.0000000e+00   1.4407311e+00  -1.3996905e+00   2.4853616e-01   2.8565014e-01  -2.4385898e-01  -4.5498655e-01   9.3668012e-01  -2.9728936e-01  -1.0592880e+00   1.1568363e+00
   2.0000000e+00   1.0956038e+00  -3.3552974e-01   1.5391330e+00   3.2148837e-01   1.3641855e+00   7.0015465e-01  -8.6299627e-01   6.5769753e-01  -1.2966617e-01   7.1964415e-01
   2.0000000e+00  -4.8603258e-01   1.1405211e+00  -1.6137363e-01   4.6313285e-01  -9.9828651e-01   7.4542250e-01  -1.1850007e+00   7.7269753e-01   8.9292571e-01   1.1258843e+00
   1.0000000e+00   6.9836192e-01  -5.4620711e-01   6.4798219e-01  -6.7880063e-01  -1.1813714e+00   1.2256663e+00  -2.8544139e-01  -2.0846159e-01  -1.3863021e-01   2.5234508e-01
   2.0000000e+00   9.4527639e-01   1.1331666e+00   8.6407596e-01   2.0939941e-02  -7.0992465e-01  -5.1163852e-01  -5.9749698e-01  -8.5627518e-01  -6.4212302e-01   9.7691162e-03
   2.0000000e+00  -8.7623620e-01  -1.7719221e-01  -9.0994079e-01  -3.1934284e-01   9.3222249e-01  -1.3185642e+00   2.8948809e-01   4.3011497e-01   5.8386456e-01   5.1508798e-01
   2.0000000e+00   6.5392762e-01   3.2313670e-01   1.4956576e+00  -7.7091520e-02  -9.6547753e-01   1.1023129e+00  -2.1167303e+00   1.4046148e+00  -8.1234581e-01   5.8742038e-02
   2.0000000e+00  -1.1113371e+00   3.3271228e-01  -1.8736124e-01   6.8873219e-01   1.6323210e+00   1.2362921e+00   1.0839550e+00   1.7234244e+00  -1.3538670e+00   1.8544283e+00
   2.0000000e+00  -1.9687139e+00   1.1464944e-01  -1.2971129e+00   1.5949518e-01  -1.6509968e+00  -1.2690078e+00   1.3140457e+00  -8.7995781e-01   8.5317860e-01  -3.3045389e-01
   2.0000000e+00  -1.9514212e-01   7.6962814e-01   5.1695282e-01   1.1986526e-01   5.8471034e-01  -2.1484895e-01  -1.1366455e+00   4.9720510e-01   6.5267012e-01  -4.9606671e-01
   2.0000000e+00   1.0354544e+00  -4.0949398e-01  -4.7589472e-01  -1.1169644e+00  -1.7216733e-02  -1.1616242e+00  -2.3980305e-01   6.0688764e-01   2.8138012e-01   1.8938117e+00
   2.0000000e+00  -2.7099501e-01  -1.0846083e+00  -3.2928151e-01  -1.3835497e-01   6.8074040e-01   5.7848699e-01   9.7780322e-01  -4.2345196e-01   1.5980188e-01  -9.5508337e-01
   2.0000000e+00   1.8078982e-01   1.4949032e+00   7.9293065e-02   6.4466253e-02  -1.0592180e+00   3.4363759e-01   2.0939319e-01   7.4270219e-01  -1.7467018e+00  -1.3177578e+00
   2.0000000e+00  -9.9070029e-02   2.2913227e+00   7.0523942e-01  -9.5028398e-02  -1.3021032e+00  -1.6160572e-01  -2.9872881e-01   2.3772256e+00  -1.1013043e-01   7.5900372e-01
   2.0000000e+00   1.6200122e+00  -1.8523076e-02  -7.4292001e-01  -8.6617506e-01   2.2334349e-01  -2.4975621e-01  -1.1159916e+00   1.4517331e+00   3.2293184e-01   2.0644793e-01
   2.0000000e+00   7.7101134e-01  -1.0404280e+00   1.5996613e+00   6.3903167e-01   6.1736435e-01  -1.2085953e+00  -2.4559740e+00   9.0010840e-01  -6.1650802e-01  -5.7931580e-01
   2.0000000e+00   2.3173633e+00  -1.8413095e+00   1.4947237e+00   4.3600778e-02   4.9660015e-01   1.5784735e+00   6.3326541e-01   8.4710214e-02  -3.3564754e+00   7.2024143e-01
   2.0000000e+00  -6.4709259e-01  -3.4462322e-02   3.3455339e-01   1.3471478e+00   1.1923766e+00   5.6998645e-01  -1.0510059e+00   1.0422693e+00  -1.3379813e+00   1.1068262e-01
   2.0000000e+00   1.3805002e-01  -1.2566890e-01  -5.6351302e-01   1.9944622e+00  -2.9694375e-01  -3.1215022e-01  -2.0648106e-01  -8.9370035e-01   9.5910396e-01  -5.7081707e-01
   2.0000000e+00  -1.1400082e+00  -4.1222337e-01   8.9571148e-01  -1.3078253e+00  -8.7583394e-01  -8.4661248e-01  -6.2821019e-02  -8.5658260e-01  -2.9628236e+00  -3.2405002e-01
   2.0000000e+00   6.7928280e-01  -6.3059172e-01  -6.3054477e-02   3.4275858e-01  -3.5713106e-01  -8.8071939e-01   8.7564917e-01   3.6790514e-01   6.2035272e-01   6.8983195e-02
   2.0000000e+00  -2.3201620e+00  -4.6224110e-01   6.4635907e-01  -1.9367233e+00  -1.1755804e+00  -8.7915510e-01  -3.5138602e-01   8.8769926e-01  -6.2328492e-01   1.5780026e-01
   2.0000000e+00  -1.5298920e+00  -1.6781780e-01   3.9364089e-01   1.8194227e+00   9.9965381e-01   9.3434932e-01  -6.8219255e-01   1.2124271e+00   4.4811193e-01   2.0258246e+00
   2.0000000e+00  -5.7446252e-01  -1.3412770e+00  -4.6819065e-01  -3.5934570e-02  -8.6158572e-01  -1.2193947e+00   3.0757661e-01  -1.5478118e-01  -1.9319403e-01   3.2109374e-02
   2.0000000e+00  -1.5931984e+00  -4.1950996e-01   5.6532106e-01  -1.2649156e+00   3.1484915e-01   8.7757504e-01   4.9523080e-02  -2.0679834e+00   2.0427986e-01  -9.8436616e-01
   2.0000000e+00   3.8066651e-01  -5.8271002e-01   2.9809866e-01   1.9836947e-01   2.0302459e-03   1.6229426e+00  -1.2904424e-01  -1.8232570e+00   1.8477109e+00   3.9577247e-02
   2.0000000e+00  -1.3731449e-01  -2.7802934e-01  -9.4591526e-01   6.5085958e-01   8.5892639e-01  -9.5823802e-01  -2.1122074e+00   1.1363577e-01   9.7534111e-03   4.2339684e-01
   2.0000000e+00  -2.2824943e-01  -1.3993181e+00  -8.2377543e-01  -9.2461465e-01   1.8501387e+00   1.3048829e+00   6.5128363e-02  -1.0147314e+00  -1.6772810e+00   6.2760081e-01
   2.0000000e+00  -1.7387829e+00   8.0633774e-01   7.3077806e-01  -1.3482247e-01   1.4541965e+00  -5.0822439e-02  -1.2908349e-01   9.6960770e-01  -6.5566054e-01   3.1027262e-01
   2.0000000e+00  -2.1991609e-01   6.5457784e-01  -6.6882511e-01  -1.1743324e+00   7.4916598e-01  -2.0427275e-01  -2.2945742e-01   6.8066512e-01  -1.0287516e+00   8.5885636e-03
   2.0000000e+00  -4.4815663e-01  -1.0806634e+00  -1.5808040e-01   2.3301283e-01  -1.4338140e+00  -1.6539750e+00  -7.2225090e-01  -2.0495109e-01  -9.0110580e-01  -6.9520050e-01
   2.0000000e+00   2.1342653e+00   1.2111874e+00  -3.0571547e-01   6.2742556e-01   2.0623924e-01  -3.0321324e-01   1.5185082e-01   1.0467930e+00  -2.1427178e+00  -1.3173685e-01
   2.0000000e+00  -5.2961928e-01  -1.0959921e+00   5.6549266e-01  -9.0218131e-01   2.0559501e-01  -8.5935480e-01  -2.4811214e-01  -6.4876587e-01  -1.5195632e+00   3.1521358e-01
   2.0000000e+00  -3.5296709e-02   7.9392329e-02   2.9023774e-02   8.0768928e-01  -4.1271295e-01  -4.0469441e-01  -1.1151947e-01  -3.3948737e-01  -1.3378653e+00  -1.7508389e-01
   2.0000000e+00  -2.9670669e-01   5.8615666e-01  -1.9223378e+00  -6.0892996e-01   2.4453577e+00  -6.7724881e-01   8.5838999e-02  -8.5954710e-01  -8.8386851e-01   3.4137782e-01
   2.0000000e+00   8.6572709e-01   2.0623638e+00   1.0202468e+00  -1.2647430e-01  -1.2065047e+00  -1.9827239e+00   7.1906375e-01   7.2471649e-01   7.3478181e-01   3.5160319e-01
   2.0000000e+00  -1.7736832e+00   4.1040670e-01  -1.5010019e+00  -7.8711325e-01   7.7036411e-01  -5.1473444e-01   2.1120224e+00  -2.4968101e+00   1.0388818e-01  -5.2017653e-01
   1.0000000e+00   2.6587201e-01  -1.1187160e-01   2.1481340e-01  -1.8406233e+00   6.2049116e-01  -4.5105440e-01   2.1021289e-01  -4.2161900e-01   5.1377805e-01  -2.0975666e+00
   2.0000000e+00   1.0776932e+00  -2.5480794e-01   2.0693241e-01   3.4178805e-01  -1.3723521e+00   9.4488779e-01   5.8152727e-01  -9.0687076e-02   4.4813372e-01  -8.7614448e-02
   1.0000000e+00   5.3742329e-01  -7.4174913e-01   3.1561384e+00  -8.7445513e-01   5.7196598e-01  -3.4005088e-01   2.2408667e+00   4.2391703e-02  -1.1791771e-01   3.9230977e-01
   1.0000000e+00   2.8293151e-01  -1.1166326e+00  -2.7923050e+00  -5.7060220e-01   4.0898000e-01  -3.3658475e-01   1.1131776e-01   1.2914182e+00   7.2992668e-01   1.4646241e+00
   2.0000000e+00  -7.3871856e-01   5.6956033e-01  -1.1080857e+00   8.3552582e-02  -3.3926508e-01  -9.5545241e-01  -1.1813992e+00  -4.7154670e-01  -6.0529734e-01  -2.8643567e-01
   1.0000000e+00   4.8177723e-01  -2.0787515e+00   3.6931835e-01   7.2482140e-01  -5.4808414e-01  -1.6677378e-01  -4.8869106e-01  -5.0946902e-01   5.4578362e-01  -5.8989644e-01
   1.0000000e+00   6.1226242e-01   1.0417462e-01   5.7366552e-02  -7.2535699e-01   1.8492491e+00  -9.4764932e-01   1.4334043e+00   3.9919952e-01   5.5038174e-01   3.4361584e-01
   2.0000000e+00   9.6227313e-01   9.1999220e-01   1.4894564e+00   8.2769653e-01  -1.1450756e+00   4.4401976e-01  -7.4398524e-01   1.3715866e+00   4.2036446e-01  -2.6782417e-01
   2.0000000e+00   2.3411917e+00  -8.3910616e-01   1.7473101e+00  -6.5108477e-01   5.6381579e-01  -7.4534623e-01   6.7904275e-01   1.3818620e+00  -8.1000537e-01   4.3101331e-01
   1.0000000e+00   3.5354392e-01   7.4841886e-01   1.9807074e+00  -3.2830848e-01  -7.2193583e-01  -3.2215303e-01   4.0416584e-01   6.5167193e-01   6.0762908e-01   1.3865899e+00
   2.0000000e+00   1.1933023e+00   1.4654016e+00  -1.8113222e+00  -8.0257877e-01   3.7656298e-01   7.5980184e-01  -1.3802960e+00   1.6781411e+00   3.4721176e-01  -1.8866056e+00
   2.0000000e+00  -2.0758221e+00   2.7588683e+00  -4.8422257e-01  -2.1219173e+00   4.8778781e-01   6.3636718e-01   9.0004647e-01   6.5886244e-01   6.2293155e-01  -2.8961366e-02
   2.0000000e+00  -3.5486221e-01  -3.3408577e-01   2.0340492e+00   4.3314037e-01  -1.4279005e-01   1.1188813e+00   2.0657999e-01   6.4753259e-01   1.2229691e-01  -1.5560000e+00
   2.0000000e+00  -5.1416172e-01   2.4608873e-01   8.9668351e-01   6.2021941e-01  -5.9285625e-01  -9.9242500e-01  -6.0563995e-01  -1.3561251e-01  -1.5806239e-01  -4.6468977e-02
   2.0000000e+00   1.4276689e+00  -5.0350495e-01   4.8130660e-01  -1.7488047e-01  -4.6896017e-01   3.0038409e-01  -7.1821307e-01   1.6734133e-01   1.2969892e-02  -8.4230825e-01
   2.0000000e+00   5.3036877e-01   5.3840456e-01  -1.1989420e-01   5.3257926e-02   3.2062989e-01  -4.9518793e-01   7.4617236e-03  -2.1302239e-01   7.7362252e-01   1.5576917e+00
   2.0000000e+00  -1.5687878e+00  -3.7044416e-02  -3.1317313e-01   3.1882610e-02  -2.3284904e+00  -7.4374848e-01  -2.8099540e+00  -1.0520864e+00   4.9598564e-01   6.0155941e-01
   1.0000000e+00   2.7312869e-01  -8.1730817e-01   1.9404658e+00   2.0601259e-01  -4.9667808e-01  -8.7489461e-01   9.1937258e-01  -7.2512751e-01  -3.1537716e-01   8.5312979e-01
   2.0000000e+00   1.1192755e+00  -2.9268439e+00   2.2391788e-01   1.2727938e+00  -7.0216895e-01  -4.3411609e-01   3.1497907e-02  -1.0044257e+00   4.4277868e-01   7.9127004e-01
   2.0000000e+00   2.9033560e-01   2.4650958e+00  -6.2821115e-01  -1.4116976e+00   1.2761734e+00   1.0382268e+00  -7.6598949e-02  -5.5020295e-01   2.4141875e+00   4.7383316e-01
   2.0000000e+00  -1.3091004e-01   1.9809131e+00   1.1485377e+00  -1.5141410e+00   4.1529235e-01   9.1665772e-01   8.7970744e-01  -2.5958633e+00   7.3509509e-01  -1.6260466e+00
   1.0000000e+00   6.7132826e-01  -8.4054210e-01  -3.0523314e-01  -3.7668026e-01   1.8330391e-02   1.8414635e+00   3.7009942e-01  -9.6199047e-02   2.9824863e-02   1.4874140e-01
   2.0000000e+00   1.2720644e+00   5.4199506e-01   7.0521822e-01  -3.7412954e-01   2.2606242e+00   1.0766042e+00  -5.7507727e-01  -1.4544005e-01  -1.3824714e+00   4.9948288e-01
   2.0000000e+00  -5.1287131e-01  -1.6150279e-01   8.8824624e-01  -2.0965883e-01   4.9229540e-01   4.9680753e-01  -2.8842693e-01   6.8106594e-01   2.3944398e+00  -3.8009494e-01
   1.0000000e+00   2.0442536e-01   2.0298004e-01  -1.0613163e+00   4.3433467e-01  -1.4131344e+00   1.2014604e+00   6.5839800e-01  -4.8987242e-01  -6.1458921e-01   7.5026777e-01
   2.0000000e+00   1.0607818e+00  -1.7317618e+00  -1.5795793e+00  -1.8194909e+00  -7.4695958e-01   1.1686831e-01  -6.3476200e-01   1.4714699e+00   1.8824051e-01  -3.0566203e-01
   2.0000000e+00  -9.4845211e-01  -1.7836320e+00   3.2268074e-01   1.8435951e+00  -1.5194645e+00   7.8598725e-01   7.0909148e-01  -2.5461422e-01   9.1201242e-01  -3.2961673e-02
   2.0000000e+00  -2.3075667e+00   2.6115908e-01   7.5627145e-01  -1.0960945e+00  -7.9947753e-01  -1.2596108e+00   4.1932453e-01  -1.2880339e+00   1.2754595e+00   6.3039991e-01
   1.0000000e+00   5.4363458e-01  -3.4336322e-01   1.2466016e+00  -5.7490371e-01   5.6283809e-01  -1.6558212e+00  -7.0146651e-01   7.7777710e-01   1.2022293e-01   1.3706545e+00
   1.0000000e+00   7.1331634e-01   4.7661234e-01  -4.3889710e-01   3.5006712e-01  -1.3269173e+00   1.3221240e-01  -1.1177357e-01   5.9129501e-02  -3.1704930e-01   9.3597169e-01
   2.0000000e+00  -2.2112611e+00  -1.7280334e-01   3.3553803e-01  -9.1312645e-01  -5.0698353e-01  -5.6939399e-01   5.0179566e-01   5.5638474e-01   1.3668683e+00  -5.8877766e-01
   2.0000000e+00  -8.5481631e-01  -2.4602439e+00   1.0936961e-01   2.0788714e+00  -4.4105216e-01  -4.2900683e-01   4.6181868e-01   1.2465349e-01  -4.0663779e-02   1.1081472e-02
   2.0000000e+00   4.8192787e-01   2.6831724e+00  -1.3522272e+00   3.1659612e-01   1.3755446e+00   6.7355954e-01  -3.5142199e-01  -2.8967915e-01  -8.9683549e-01   2.1842074e-01
   2.0000000e+00  -1.4004090e+00   1.5773525e-01  -4.3221537e-01   3.1218264e-01   1.1824078e+00  -3.7812278e-01  -2.4715359e+00   1.0190791e+00   1.7329648e+00  -5.6374823e-02
   2.0000000e+00   5.7300467e-01  -3.5239670e-01  -6.0658380e-01   7.9966378e-01  -5.5670080e-01   1.2209934e+00  -1.4929684e-01   2.0216151e+00   1.2083143e+00  -5.7110411e-01
   2.0000000e+00   8.1873627e-01  -1.5079889e+00   3.4858835e-01   9.3196421e-01   2.0921417e-03   9.9518206e-01  -5.4911990e-01  -1.5461417e-01   9.3640273e-01  -5.4113688e-01
   1.0000000e+00   1.7835090e-01   5.0703408e-01  -5.8441399e-01   6.9438183e-02   4.6430039e-01  -2.8565288e-01   5.3933767e-01   2.3893969e-01   8.6038014e-01  -8.4240862e-01
   2.0000000e+00   1.0057492e+00   1.4866054e+00   2.1668088e-01   1.1089933e+00   8.6507954e-01   1.4225999e+00  -8.0536825e-01   1.0995064e-01   1.8357122e+00   8.0318554e-01
   2.0000000e+00   1.9155987e+00   1.1184767e-01  -2.7684133e-01  -3.6699471e-01   2.9723034e-01  -1.0241814e+00   4.4365730e-01  -1.1979326e+00   1.1038959e+00  -7.8082634e-01
   2.0000000e+00   3.8674157e-01   1.9463951e+00   8.9532664e-01   5.2928687e-01  -6.0680001e-01  -1.3102928e+00   2.6697204e-02   3.7534307e-01   1.3785654e+00   5.4595983e-01
   2.0000000e+00   1.4293331e+00   6.3765310e-01   8.1123263e-01   4.2146709e-01  -4.8963329e-02   9.0975486e-01   8.8369130e-01   7.1464452e-01  -2.7199263e-01  -1.2248100e+00
   2.0000000e+00  -2.7531651e-01  -1.3426306e+00   6.0210516e-01  -1.5445259e+00  -3.9584074e-01  -7.9430713e-01  -1.1684452e+00  -1.1172133e+00   1.5077281e+00  -1.8568973e+00
   1.0000000e+00   7.3079656e-01   4.6857905e-01   7.1416954e-01  -3.6368294e-01  -7.1112042e-01  -8.5031405e-01  -4.4052421e-01   4.9440232e-01   1.9375366e-01   5.6706785e-01
   2.0000000e+00  -1.2229355e+00  -1.9309453e-01   4.0255513e-01   4.9350312e-01  -1.7747045e+00   3.9038751e-01   5.7198516e-03   2.2299889e-01  -1.1405764e+00   6.7425137e-01
   2.0000000e+00  -1.6813528e-02  -4.8248021e-01  -1.2279904e+00  -7.0046048e-01  -2.3921817e-01   1.5532793e+00   9.7343209e-01   1.2196560e+00  -1.8989339e-01  -4.5203953e-01
   2.0000000e+00  -1.6080177e-01   1.4890998e+00  -7.0907624e-01  -7.6357755e-01   9.8066690e-02  -5.8310301e-01  -1.6304151e-01  -1.3745793e-01  -1.2245150e+00  -3.5109395e-01
   2.0000000e+00   4.1166981e-01   1.2088086e-01   1.0497441e+00  -9.3436178e-01  -7.4851979e-01   6.0117852e-01  -2.5694986e-01   4.8386029e-02   8.3263290e-01   1.1742259e+00
   2.0000000e+00   6.8272996e-01  -1.9045497e-01   1.4159642e+00  -1.3150372e+00  -1.0136531e+00   1.4629517e+00   8.2923183e-01  -9.6856932e-01  -7.6861653e-01   2.4774000e+00
   2.0000000e+00  -2.4034149e-01   1.7620695e-01  -1.8918206e+00  -1.1141564e-01  -1.0799055e+00   1.8576753e+00   2.6547356e-01   1.1242183e-02  -4.2725228e-01   9.3596406e-01
   1.0000000e+00   3.0921010e-02  -2.2118938e-01   1.8169475e+00   2.0411622e+00  -2.7622015e+00  -5.5755987e-01   7.0688187e-01   9.8462678e-01  -6.6381067e-02  -9.9626874e-01
   2.0000000e+00   1.4732794e+00  -6.6281133e-01  -1.1183752e+00  -1.1014694e+00   1.1803077e+00   8.1819153e-01  -6.2205010e-01   6.7315646e-01  -1.7310614e-01  -5.8530024e-01
   2.0000000e+00  -9.7800357e-01  -2.7052266e-01   1.5752469e-01  -5.5056197e-01  -9.5143743e-02  -2.0355660e-01  -1.4846970e-01   2.3854076e+00  -1.3740307e+00   4.6874570e-01
   2.0000000e+00   1.1427346e+00  -1.2134475e-01  -1.1074598e+00  -1.3475403e+00  -1.6925883e-01  -6.7176764e-01   9.4255007e-01   1.0626211e+00  -3.9862989e-01   3.3102201e-01
   2.0000000e+00   9.1301300e-01  -1.9839962e+00  -7.8077426e-02   7.3123289e-01   6.6527948e-01   1.0215267e+00  -3.9692951e-01   1.1720303e+00   1.0169438e+00  -8.1446313e-01
   2.0000000e+00  -1.0132576e+00   1.2014219e+00   2.1201614e+00  -3.5274130e-01  -6.7073809e-01   2.5226610e-01  -3.0683234e+00   9.0791055e-01   1.7581318e+00  -5.7703682e-01
   2.0000000e+00   1.8456053e+00  -1.7131370e+00   1.2266361e+00  -9.5947419e-01  -1.8302629e-01   3.7194112e-01  -1.8613545e+00  -1.8885850e+00  -1.4654988e+00  -1.7001684e+00
   2.0000000e+00   1.3235099e+00  -3.5942888e-01  -2.3355065e-02  -1.3682907e-01  -1.8601335e-01  -5.0350701e-01   2.0466600e-01  -1.2709073e+00  -7.0297602e-01   1.1016168e+00
   1.0000000e+00   7.5142937e-01  -1.8782391e-01   2.0656617e-01  -8.2512177e-01  -9.1518483e-02  -4.5822883e-01   1.9592104e-01  -1.3845336e-01  -1.0638096e-01   8.5084503e-01
   2.0000000e+00  -5.8641936e-01  -4.4438636e-01   4.0953744e-01   4.3986344e-01   3.0243765e-01   1.0363707e+00  -4.8195642e-01  -3.9630573e-01   1.1029733e+00   8.2232888e-01
   1.0000000e+00   5.8272854e-01  -8.5694200e-01   2.3962119e+00  -1.1933645e+00  -4.2536029e-01   4.3218847e-01  -2.3690292e-01  -4.0872280e-01   3.2913210e-01   3.7044733e-01
   2.0000000e+00  -7.3161851e-02   3.1559460e-01   1.1047005e+00   9.8969725e-01  -5.4710443e-01  -1.6828769e+00  -8.8675087e-01   1.5685977e-01   1.0896117e+00   1.3630120e+00
   1.0000000e+00   7.3666342e-01   6.9643004e-01  -1.2670748e-01   6.2327260e-01   1.9820440e+00   1.2102495e+00   5.4924636e-01   3.4411468e-01   2.8538795e-01   8.5046240e-01
   2.0000000e+00   2.0710817e-01   4.3354339e-01   5.9627308e-01  -1.9363474e+00  -1.5274378e+00   3.8280962e-01   9.7463591e-01   5.6410253e-03   1.4329438e+00  -8.4377255e-01
   2.0000000e+00   1.7156112e+00   2.5838381e-02  -1.1015505e+00   1.5815561e-01   7.5577174e-01   6.1707340e-02   1.5628344e+00   4.8435643e-01   1.5488643e+00   4.0692511e-01
   2.0000000e+00   6.6614889e-01  -1.2598786e+00  -6.8591143e-01   2.4304636e-01  -1.0127641e+00  -1.7083429e+00   2.4900368e-01  -7.1800530e-01  -1.6879831e+00  -2.2777673e+00
   1.0000000e+00   8.4897148e-01   1.2052709e-01   2.1003116e+00   1.1788609e+00   2.4513648e-01  -8.2919379e-01  -6.8968316e-01   5.3083959e-01   2.1185992e-01   1.2829666e+00
   2.0000000e+00  -5.4054738e-01   3.0421089e-01  -7.9557071e-01   1.6795648e+00  -7.6691635e-01  -2.6155559e-01   5.7977942e-01   7.6611958e-02  -1.2757553e+00   1.0159629e+00
   2.0000000e+00  -2.1687826e-01  -5.0003109e-02   8.4744767e-01   3.7512067e-01  -4.8355790e-01   4.9594246e-01   1.9907178e-01   4.4656215e-01  -7.1816189e-01  -3.2748636e-01
   2.0000000e+00   3.4791497e-01  -6.0989999e-01   1.9708459e-01   5.2311744e-01  -1.7658725e+00   8.9589201e-01   1.8492143e+00  -1.4188305e+00  -1.6250889e+00   7.9419275e-01
   1.0000000e+00   3.5054668e-01   6.3034232e-01   9.4674712e-02   6.6751883e-01  -2.6853063e-01   5.6455137e-01  -6.7126606e-01  -2.5111250e-01   6.9309743e-01   2.1050243e-02
   2.0000000e+00  -3.7588088e-01  -6.1337716e-01   7.1420612e-01  -2.4274033e-01   1.6688765e+00   9.3170174e-02   3.8137936e-01   1.8665835e-01  -8.8508157e-01   5.1638292e-02
   2.0000000e+00   7.4605746e-01  -1.8721027e+00   2.8222766e-01   1.5225131e+00  -3.6324127e-01  -1.9992344e+00  -5.5155009e-02   1.6315196e+00  -9.6299220e-01  -1.7853458e-01
   2.0000000e+00   8.2971208e-02   9.3808906e-01  -1.7954617e+00  -4.7030752e-01  -2.1820266e+00  -8.2690941e-01   3.1522529e-02   1.1480864e+00  -1.0230757e+00  -5.3184709e-01
   2.0000000e+00   5.3338642e-01   2.4786083e+00   4.7520230e-02  -1.9533806e+00   3.4652888e-01   8.4750278e-01  -4.0647815e-01   1.1449867e+00   9.9436095e-01  -8.6098755e-02
   2.0000000e+00   1.3937895e+00  -3.3969395e-01   1.1963264e+00   5.2737838e-01  -4.2248541e-01  -4.7194328e-01   1.0474137e+00   8.9229257e-01   7.4154736e-01   1.0986935e+00
   2.0000000e+00   1.9077144e+00  -1.2971233e-01  -2.2353122e+00  -6.0608668e-01   1.5616727e+00  -6.1050536e-01   2.0802930e-01  -3.1229470e-01   1.8238308e-01  -5.4218424e-01
   2.0000000e+00   9.2085335e-01   6.9328475e-01  -1.2767246e+00   1.1979209e-01  -1.3095880e+00  -8.6263990e-01   1.3024734e-01  -1.0203117e-01   5.4851696e-01  -1.2277874e+00
   1.0000000e+00   5.0581953e-01   1.3973847e-01   5.2072145e-01  -1.0907982e+00   9.7736400e-01  -2.3969828e+00   2.9776469e-01   9.0608353e-01   4.4712928e-01  -2.5159607e-01
   2.0000000e+00  -2.0675640e+00  -2.0019373e+00   1.3135753e-01  -4.9530376e-01   6.7887832e-01  -1.5326715e-01   1.6354342e+00  -1.5450563e+00   2.5281509e-01   1.2993056e+00
   2.0000000e+00  -2.3007023e-01  -5.9076164e-01   1.0277075e+00  -1.0959059e-01  -3.1479693e-01  -1.8078884e+00  -1.0330272e-01   8.4893026e-01  -1.4696335e-01  -1.6299251e-01
   2.0000000e+00  -3.2173194e-01  -1.6560510e+00   2.1412377e-01  -1.1593937e+00   4.2601704e-01   1.1833668e+00   5.8770923e-01  -9.1994417e-01  -8.8474735e-01  -3.0341055e-01
   2.0000000e+00  -2.4516874e-01  -6.4694634e-01  -3.8040609e-01  -8.0518070e-01   8.0046147e-01  -5.8176326e-01  -2.8461111e-01  -6.4701964e-02  -5.4526863e-01   5.7653535e-02
   2.0000000e+00   1.1771186e+00  -3.4167146e-01   1.9231519e-02  -9.6857203e-01  -6.3713859e-01  -3.0392273e-01   1.3243523e-01   1.4273850e+00   1.1032226e-01  -2.8870213e-01
   2.0000000e+00  -1.5736288e+00   3.8951799e-01   3.5760966e-01  -1.0106237e+00  -8.4887232e-01   1.4403009e+00   9.6271296e-01  -5.2176593e-01  -2.1051567e+00  -1.5885697e+00
   2.0000000e+00  -3.1693522e-01  -6.0925828e-01   6.3085924e-01  -6.0027784e-01  -3.5370291e-01   6.6847536e-01  -6.6096354e-01  -3.8380755e-01   8.4606160e-01  -6.2338791e-01
   1.0000000e+00   3.7926370e-01  -4.2898230e-02   1.5446810e+00   6.7151299e-01   1.9002817e-01  -8.0383290e-01  -1.8034789e+00  -1.7802836e-01  -3.4488179e-01  -1.6526349e+00
   2.0000000e+00   1.1077497e+00  -1.0076722e-01   2.4676633e-01   7.5369534e-01  -2.2550730e+00  -8.8967056e-01  -5.3460304e-01   1.5927168e-01  -1.0830274e+00  -1.4084175e+00
   2.0000000e+00  -1.1269931e+00   8.1494833e-01  -1.1139064e-01  -6.9891617e-01   9.8469802e-01   9.6115913e-01   5.2438230e-01   8.9649401e-01   1.0745141e+00   9.9765885e-01
   1.0000000e+00   5.5713524e-01  -7.2928108e-01   1.7992144e+00  -6.1136831e-01   6.4534099e-01   3.4911966e-02  -1.2251395e+00   2.8504544e-01   1.0403239e-01   6.0960228e-02
   2.0000000e+00  -6.5282142e-01  -1.1440623e-02  -3.1930983e-01  -7.7161685e-01   7.2490671e-01  -2.0007950e-01  -1.0820835e+00   2.1053219e+00   1.0837474e+00  -1.3314294e+00
   2.0000000e+00   4.1043905e-01   1.3151742e+00   8.1090219e-02  -9.9538227e-01  -1.4304253e+00   1.2501932e+00   5.6993350e-01   1.4540305e-01  -8.4407719e-01  -1.9421040e-01
   2.0000000e+00  -9.8190281e-01  -4.0929675e-01  -2.7016160e-02  -7.8043112e-01  -1.4003095e+00   1.2040375e+00   3.4357973e-01   1.6036414e-01  -5.1208451e-01  -1.4482137e+00
   2.0000000e+00   2.5708179e+00   1.6477711e+00   5.5995144e-01  -2.1282179e+00  -8.5757315e-01   1.9733486e-02  -1.4585565e+00  -4.3789443e-01   6.2057092e-01  -5.5082534e-01
   2.0000000e+00  -5.2981068e-01   1.4540734e+00  -2.6319733e+00   6.4283182e-01   5.2172367e-01  -3.8368031e-01  -9.9769406e-01   5.9820209e-01  -6.0683535e-01  -4.7603265e-01
   2.0000000e+00   1.9802295e+00   9.7512389e-01   5.7273095e-01  -3.9079796e-01  -2.9579926e-01   6.0551368e-01  -7.5641167e-01  -2.8626667e+00   5.5035950e-01  -1.4828535e+00
   1.0000000e+00   3.5180528e-01   1.0580295e+00   5.2618285e-01  -7.6111233e-02  -3.3442750e-01   1.4582522e+00   5.1533659e-01  -2.4165890e-01  -5.1343199e-02  -5.9046828e-01
   2.0000000e+00   1.8142951e+00  -1.4090631e+00   5.2521704e-01   3.3813263e-01  -7.4654308e-01   6.3135884e-01   6.7253050e-01   1.6689368e-01  -2.4126053e-01  -7.4004525e-01
   2.0000000e+00   1.9495397e+00   9.5206423e-02   1.0467758e+00  -1.4109671e+00  -1.5643031e+00   6.5728526e-01  -2.1711354e+00   9.3666258e-01  -8.2515447e-01  -1.7798022e-01
   2.0000000e+00   1.0538335e+00  -4.6212982e-01  -4.4260762e-01   2.3049244e-01  -1.7276688e-02  -5.0250923e-01  -9.9661554e-02  -1.3086883e+00   1.5492470e-01   1.1835595e-01
   1.0000000e+00   8.6056980e-01   1.3785945e+00   1.4962715e+00   2.5407627e+00  -6.1253038e-01   9.4672341e-01  -1.3643157e+00   1.0725718e+00   4.6859040e-02  -3.5366264e-01
   2.0000000e+00  -6.0269769e-01  -9.3747912e-01  -1.5924493e-01  -1.4419099e+00   7.7365937e-01   1.5298372e+00  -5.0473928e-01  -1.7433482e+00   4.1136918e-01   2.3825004e-01
   2.0000000e+00   7.7211987e-01   9.7444415e-02   1.4849920e+00   1.8244784e-01  -7.0907603e-01  -4.9945183e-01  -8.6999130e-01   8.9102256e-01   9.1447954e-01   1.0479154e+00
   2.0000000e+00   1.5331304e+00  -2.1155753e+00   8.3262781e-01   4.9788981e-01   7.2552628e-02  -1.5592896e+00   1.9783971e-01  -2.2373057e-02   7.7632991e-01   7.5686123e-01
   2.0000000e+00  -5.4645320e-01  -7.2519498e-01   1.4223616e+00   3.0473544e-01  -1.2186315e+00   1.7724944e-01   1.5566535e+00  -3.3017521e-01  -2.1758996e-01   8.0327778e-01
   2.0000000e+00  -2.9856461e-01   9.5566028e-01  -1.6184651e-01   5.3121921e-02   9.5330271e-01   2.3554887e+00   4.4756221e-01  -7.8862981e-03  -1.6462553e-01   1.1428707e+00
   1.0000000e+00   4.4968830e-01   1.0939887e+00  -5.0705581e-01   2.1239788e+00  -5.6632112e-01   4.2154344e-01   3.3056413e-01   5.4755333e-01   3.0048160e-01  -1.8166816e-01
   1.0000000e+00   1.1276584e-01   1.7923933e+00  -1.2256294e+00   9.5733346e-01  -3.5128508e-01   1.2798841e+00  -1.0692524e+00   8.6073670e-02  -5.7520586e-01  -1.0667117e-01
   1.0000000e+00   2.7095388e-01   9.3451399e-01  -1.3014330e-01  -8.2956475e-01  -1.7331251e-01  -7.3604888e-01  -1.6799218e-01   1.2841217e+00  -7.7815485e-01   2.1673169e-02
   2.0000000e+00  -1.2390675e+00   4.4589525e-01   1.2898408e+00   4.7007581e-01  -4.4993840e-02  -1.6024470e-01  -1.4119415e+00   5.9334454e-01   1.1939042e+00  -9.0368470e-01
   2.0000000e+00  -1.7573939e+00  -1.5345548e+00  -1.4743493e-01   1.7844124e-01   1.9214757e+00  -6.3457280e-01   1.0067810e+00   6.8445615e-01  -1.3431427e+00  -3.9198804e-01
   2.0000000e+00   1.8894144e+00   2.5032651e-01   1.7022564e-01  -1.2461695e+00  -1.0318506e+00  -1.9261599e+00   7.3407371e-01   1.5571030e+00  -6.8512640e-01   3.9917080e-01
   2.0000000e+00  -1.1362182e-01   1.0881256e+00   2.7737856e+00   2.3326431e+00   3.0978815e-01  -1.1058533e+00   2.1737267e+00  -8.8706859e-01  -6.8509701e-01  -1.0317604e+00
   2.0000000e+00   9.0718362e-01  -6.4988186e-01  -2.5720680e-01  -1.1440051e-01  -9.0156836e-01   1.0271345e+00   2.7736853e-01   3.1012347e-01   6.4973287e-01  -1.5306103e+00
   1.0000000e+00   3.8710160e-01  -9.6123790e-01   2.1761959e-01   1.0643492e-01  -1.5123468e-01   1.0566283e+00   1.4447851e+00   4.4127173e-02  -6.3329125e-01   3.3404249e-01
   2.0000000e+00  -7.9466884e-02  -7.7543585e-01  -1.3559447e+00  -1.1952036e+00   1.1895948e+00  -5.3426382e-01   1.4491008e+00  -1.0455916e-02  -2.8424017e-02  -3.8831620e-01
   2.0000000e+00   1.1938439e-01   1.9077579e+00   9.0561867e-01   6.1720392e-01   8.7053133e-01  -1.3881406e+00  -7.1883296e-01   1.5099739e+00  -1.1666727e+00  -6.2341202e-01
   2.0000000e+00   5.0993564e-01   4.5665812e-01  -4.6922827e-01   2.3859558e-02   9.3795081e-01   1.1992117e-01   1.0226431e+00  -4.4731142e-01  -2.3562919e+00   3.2246637e-01
   2.0000000e+00   1.9906640e+00  -1.7864895e+00  -7.2419687e-01   3.4592112e-01   1.1242403e+00  -1.2460642e-01  -1.1659575e+00   3.5081236e-01  -6.4903340e-01   1.5126337e+00
   2.0000000e+00   7.8903346e-01   1.3123765e+00   2.6739736e+00   1.5368104e+00   3.7866412e-01   2.0141111e-01   3.6077893e-01   8.1616215e-02   8.1849983e-01  -6.1908677e-01
   2.0000000e+00   8.4433858e-01   9.5826866e-01  -1.3528203e+00  -7.7650816e-01  -5.2949013e-01  -1.4677546e-01  -3.3612904e-03  -1.5584668e+00   1.4691928e+00  -3.2512441e-01
   2.0000000e+00   1.5888216e+00   3.7138574e-01  -1.0268158e+00   1.2529430e+00  -1.6968976e+00   1.4534762e+00  -5.0297915e-02  -9.5295817e-01  -4.7218356e-01  -6.6126570e-01
   2.0000000e+00   8.9386660e-01   3.0246006e-01   2.3603523e+00   1.0561471e+00  -1.2441057e+00   5.3808505e-01   1.1620046e+00  -9.7162958e-02   1.7228492e+00  -2.7740278e+00
   2.0000000e+00  -1.5710327e+00  -2.5321526e-01  -1.0052585e+00   4.0428620e-01  -5.6268206e-01  -9.1406024e-01  -5.6168612e-01  -6.1918120e-01   1.4716177e+00   9.0996656e-01
   2.0000000e+00  -1.1187148e+00   5.9380081e-01   6.9489883e-01   1.2492346e-01   7.2775760e-01  -1.8677695e-01   7.2621969e-01  -1.2290901e+00  -3.0844611e-01   3.4665399e-01
   2.0000000e+00   6.0855186e-01   3.9808860e-02  -4.2613429e-01   6.7536943e-01   9.1679016e-01  -7.1579222e-01   8.2295630e-01  -1.0723059e+00  -6.8881607e-01   1.4699072e+00
   2.0000000e+00   5.0132649e-01   1.7641523e+00   1.6588134e+00   7.7166333e-01  -1.3088779e+00  -2.9253812e-02  -4.2536485e-01  -8.6295803e-01   1.2144113e+00  -2.2551658e-01
   2.0000000e+00   3.1796611e-01  -3.9619219e-01   2.6815867e-01  -1.1452987e+00  -4.5519871e-02   1.1305550e+00  -7.4059015e-01   3.2092026e-02   1.5016832e+00   4.9303335e-01
   2.0000000e+00  -9.6235675e-01   5.9696540e-01   7.0852528e-01  -2.1028043e+00  -7.7824215e-01   1.0351288e+00   1.0555675e+00   7.4147049e-01  -4.0076848e-01   1.7605041e-01
   1.0000000e+00   7.4654430e-01  -2.2428012e-01   5.7766264e-01  -1.4190884e+00   1.0807831e+00   1.3801501e+00  -1.5059449e+00   1.2767984e+00  -1.8092044e-01  -3.1935205e-01
   2.0000000e+00   1.9846900e-01   1.0967804e+00   5.2730554e-01  -7.5044984e-01   7.7444302e-01   2.6179866e+00   5.8844750e-01   3.3624556e-01  -1.0825598e+00   1.0917372e+00
   1.0000000e+00   4.9462682e-01   1.2973350e+00   3.4425232e-02  -8.3866028e-01   2.0462391e+00  -9.6582285e-01   9.4367999e-01  -4.6737257e-01   6.6711108e-01   1.6003084e-01
   2.0000000e+00  -1.1137082e-01  -1.5494840e+00   5.6235388e-01   1.0649950e+00  -5.0365736e-01  -1.5334806e+00  -2.9996655e-01  -6.8197154e-01  -1.4059262e+00   1.1861622e+00
   2.0000000e+00  -5.1569289e-01  -3.0077325e-02  -2.7007730e-01  -4.2074553e-01  -7.9592426e-01  -5.4657082e-01  -2.2458567e+00  -1.6728857e+00   9.7301646e-01  -6.7862858e-01
   2.0000000e+00  -7.6160164e-01   5.9988743e-01   6.0941440e-01  -9.5088548e-02   2.3134606e-01   9.5516364e-01   6.0007255e-01  -1.3651479e+00  -1.2979541e+00  -2.8703865e+00
   2.0000000e+00  -3.4836823e-01   2.1478852e+00   3.2919727e-01  -1.3112353e-01  -3.2160747e-01   4.5076591e-01  -3.5869588e-01   1.3587206e+00  -2.2490597e+00  -4.8882685e-02
   2.0000000e+00  -2.5415150e-01  -8.8702161e-03  -4.7936792e-03  -1.9095802e+00   2.3941850e-01  -6.9361959e-01   7.1433801e-01   1.5660834e+00  -8.3789962e-01  -2.1724476e+00
   2.0000000e+00  -8.1910454e-01  -2.4142806e-01  -1.8246957e+00   5.1488619e-01  -2.9940969e-01  -4.0481125e-01  -8.0871657e-01  -6.9870762e-01   8.9570085e-02  -7.9130987e-01
   2.0000000e+00  -3.3725154e-01   3.4513296e-01   6.2927981e-01   1.4999103e+00   7.2985456e-01   7.2527705e-01  -3.9738936e-01  -6.6876568e-01  -8.6596207e-01  -5.1563762e-01
   2.0000000e+00  -4.5446416e-01   6.5695891e-01  -8.4682620e-01   1.0970419e+00   1.8097855e-01   4.9162396e-01   3.0203838e-01  -1.0737766e+00   1.3260823e+00  -8.5614943e-01
   2.0000000e+00  -6.5669339e-01  -7.3110043e-01   3.3333213e-01  -3.9099825e-01   4.4308850e-01  -3.1483014e-02  -1.3971360e+00   1.0454552e+00   6.4969309e-01  -5.5194692e-01
   2.0000000e+00  -1.8018620e+00   1.5577468e+00   8.3139453e-01  -2.8528095e-01  -4.1709671e-01   4.8418989e-01   2.5388325e-01  -3.8431475e-01  -3.7847551e-01   6.2808428e-02
   2.0000000e+00  -1.8529613e-01  -1.9822159e-01   3.1129897e-01   3.2821594e-01  -1.5991833e+00   1.5128745e+00  -5.1927496e-01  -3.2302499e-01   1.9587112e-01  -1.9475731e-01
   2.0000000e+00  -9.2706410e-01   2.3212467e+00   5.4313936e-01  -6.8897271e-01  -5.9452485e-01  -7.6424395e-01  -2.5749054e-03   2.5630426e-01  -9.8259119e-01   5.8533110e-01
   2.0000000e+00  -9.5136058e-01  -1.3810702e+00  -8.8022471e-01   3.4910537e-01   3.4787963e-01   4.9467817e-01  -1.8641109e-01  -2.0915811e+00   7.4422684e-01   7.9413508e-01
   2.0000000e+00  -9.3183308e-01  -8.8107323e-02  -2.7520454e-01  -7.6769810e-01   1.7939015e-03  -6.5984465e-01  -4.0265961e-01  -8.1390819e-01   1.0975611e+00  -4.9551169e-01
   2.0000000e+00  -4.1516278e-01  -7.8233289e-01   9.5558162e-01  -5.7234704e-02   1.0807721e+00  -1.8446926e+00  -1.5723717e+00   1.5635860e-01  -1.8923578e-01  -8.2936854e-01
   2.0000000e+00  -5.5670385e-01   9.1966474e-02  -5.6682910e-01   1.3935293e-01   3.7769858e-01   3.5675562e-01  -7.3224201e-01  -6.9836660e-01   4.8445432e-01  -5.9493119e-01
   2.0000000e+00  -1.5847759e+00  -1.2290869e-01  -9.2331124e-02   1.5354778e+00  -4.9933804e-01   1.1045130e-01   1.1331652e+00  -8.5915686e-01   1.8785008e+00  -6.2656233e-02
   2.0000000e+00   1.7701313e+00  -1.6278049e-01   1.4665945e+00   9.1964297e-01  -3.6503560e-01  -1.1244489e+00  -8.6375201e-01   1.4935066e-01  -1.7656241e+00   1.2098647e+00
   2.0000000e+00   2.8245774e+00  -5.1528311e-02  -2.3467777e-01   7.4347226e-01  -1.3875247e-03   1.4267098e+00  -7.3372865e-01   2.3901835e+00  -2.2689328e-01  -9.7660553e-01
   2.0000000e+00   1.4389346e+00  -1.7546005e-01   1.7001397e+00   6.1012156e-01  -1.3234571e+00  -1.0559296e+00  -1.0013856e+00   5.3485069e-01  -6.6822879e-02   7.5540417e-01
   2.0000000e+00  -1.6217149e+00  -2.3713114e-01   1.3190625e+00  -1.5536244e-02  -7.0274021e-01  -9.0357513e-01   2.4431009e+00  -1.2796606e+00  -2.6883943e-01   3.0422140e-02
   2.0000000e+00  -3.0872262e-01   1.2947789e-01   8.4698476e-01  -1.6872476e-01  -6.4210078e-01  -4.7775499e-01  -5.9712859e-01   9.6941572e-01  -7.4586812e-02   4.6538871e-01
   2.0000000e+00  -2.1783712e-01  -8.6878977e-01  -1.1737378e+00  -9.3870528e-01   6.3207210e-01   9.4318963e-02   7.0521600e-01  -6.0809614e-02  -1.9460916e+00  -1.8139188e-01
   2.0000000e+00  -3.1627115e-01   1.6843740e+00  -1.4161454e+00  -9.1853161e-02  -2.3190096e+00   1.5361649e+00  -5.3335163e-01   1.9469965e+00  -3.3790402e-01   3.7409820e-01
   2.0000000e+00  -3.3748582e-01  -1.8533481e+00   1.4374934e+00  -5.3001052e-01   5.7601691e-01   8.4486682e-01   1.3899391e-01  -3.7824516e-01  -1.4216420e+00  -7.9672940e-01
   2.0000000e+00   1.1586022e+00  -1.8743926e+00   2.8576193e-02  -1.3532732e+00   1.4126507e+00   5.2703853e-01  -1.2324926e+00   1.3498021e+00  -1.2063712e+00  -1.5665516e+00
   1.0000000e+00   1.8404919e-02  -5.0961179e-01  -4.6984991e-01  -7.3960442e-01  -4.0446035e-01  -1.8722814e-01  -9.9327844e-01  -7.1180732e-01   7.2261724e-01  -4.8743756e-01
   2.0000000e+00  -5.5326657e-01  -1.9433147e-01   8.3611177e-01  -1.1439336e+00  -6.3577138e-02  -7.5235927e-01  -2.2809549e-01   1.1402392e+00   1.7777416e-01   3.3501079e-01
   2.0000000e+00  -6.1149087e-01  -2.2358557e+00   1.7907500e-01  -1.0409574e+00  -1.4318988e+00   2.8231618e-01   6.2132329e-01   4.9830240e-01   6.5669473e-01  -9.9312014e-01
   2.0000000e+00   3.3970592e-01  -9.8841384e-02   5.4681479e-01   1.0296278e-02  -2.7672551e+00   2.8141189e-01  -3.9305747e-01   5.8159406e-01  -2.1533033e+00   1.6396247e-02
   2.0000000e+00  -1.0532613e+00   2.4228823e-02   2.3650443e-01  -2.0884980e+00   5.6768126e-01   7.3077954e-01  -7.1586842e-02   2.0700623e+00  -1.8636329e-01  -3.2287347e-02
   2.0000000e+00  -1.5172395e+00   2.7894707e-01   6.0085910e-01  -3.9378132e-01   2.1029503e-01   1.6478039e-01  -7.2237155e-01  -6.7898004e-01  -4.8929734e-01   1.4690315e+00
   1.0000000e+00   2.4190124e-01   4.8768148e-01   5.7014790e-01  -1.0891179e+00  -2.5838274e-01   8.3734320e-01  -4.3113809e-01  -3.3445642e-02  -2.3868267e-01  -6.4057119e-02
   2.0000000e+00  -7.7560521e-01  -7.8063996e-01   1.1423256e+00  -2.1539221e-01  -1.2917209e+00   1.0059005e+00  -1.4944598e+00  -3.5721852e-01  -9.3480945e-02   6.9039551e-01
   1.0000000e+00   5.0906930e-02   2.7042906e-01  -1.4816139e+00   4.2461454e-01   2.8714904e-01   5.1818400e-02  -4.1280936e-01  -6.4194497e-01   5.9306325e-01  -7.4732680e-01
   2.0000000e+00  -6.7546953e-01  -7.9890486e-02   7.4121729e-01   7.9713353e-01  -3.1648186e-01   1.0550240e-01  -1.0048520e+00  -8.0947909e-01   1.0436021e+00   1.9923378e+00
   2.0000000e+00   4.4536733e-01  -1.5381579e+00  -2.4119628e+00  -1.9377646e+00   1.4425237e+00  -1.1287097e+00  -1.8511760e+00   1.6048457e-02   1.2949714e+00   8.1531007e-01
   2.0000000e+00  -7.7858893e-01  -5.7171554e-01  -5.4160567e-01   2.9653605e-01  -3.0853732e-02   1.6049131e+00   1.8881280e+00  -8.7433428e-01   6.7330613e-01   1.5979279e+00
   1.0000000e+00   2.7063198e-01  -1.3948553e+00   3.0828352e-01  -8.2934207e-01  -1.3055226e-01   4.1832990e-01  -1.4441956e-01   5.5081341e-01  -5.4811552e-01  -7.2546224e-01
   2.0000000e+00   8.6909002e-01  -8.0701998e-01  -4.3734227e-01   5.1404053e-01  -3.4725456e-01   1.5651436e-01   1.0690284e+00   9.7400855e-01  -5.1040369e-01   1.0690690e+00
   2.0000000e+00  -1.7719181e+00   1.1899244e-01   3.8750259e-01  -1.5182889e+00  -5.5621011e-01  -6.2290879e-01   1.3823205e+00   1.7684176e-01   4.7514500e-01  -1.0040101e+00
   2.0000000e+00  -7.7410677e-01   8.2276738e-01   8.7276783e-01  -1.5778706e+00  -6.8868193e-01   1.0111278e+00   4.4899111e-01   1.5294628e+00   2.1474615e-01   6.5821168e-01
   2.0000000e+00   1.1451978e-01   1.4820745e+00  -1.7710723e-01  -9.7553192e-02  -1.3948199e+00  -1.7261979e+00  -1.3247890e+00  -2.0174446e+00  -3.7390944e-01   8.2611726e-01
   2.0000000e+00   1.2179107e+00  -6.0863372e-01   7.3083569e-01  -2.6337783e-01  -1.5667006e-01   4.2172671e-01  -9.9169398e-01   2.3691150e-01   8.4513342e-02  -1.6563440e+00
   2.0000000e+00  -1.0634448e+00  -6.6987182e-01  -1.7345627e+00  -5.8397311e-01   2.4395333e-01  -2.1096173e+00   2.0593768e-01  -8.0187494e-01   1.7275315e+00   3.0855277e-01
   2.0000000e+00   5.1009188e-01  -1.0284422e+00  -4.1334328e-01  -4.0554228e-01  -1.0229523e+00  -1.3419833e+00  -1.1636758e-01  -6.0517211e-01   1.6190705e+00   2.6605942e-01
   2.0000000e+00   2.7071530e-01   1.2663661e+00  -1.8987809e-01   1.9725880e+00  -1.4935806e+00  -2.4832702e+00  -3.9024978e-01  -2.7765687e-01  -1.0947769e+00  -1.5152073e+00
   2.0000000e+00   2.6355576e-01  -1.4084569e+00  -4.6742569e-01   9.8363440e-01  -1.6904569e+00  -4.6909570e-01  -1.7598883e+00   7.4358483e-01  -3.3855303e+00  -5.1217212e-01
   1.0000000e+00   2.9778527e-01  -2.9234357e+00   8.7899732e-01   2.7394054e-01  -2.2517198e-01   1.8035407e-01  -1.9097576e+00   1.4127541e-01  -7.5205230e-01  -1.2510112e+00
   2.0000000e+00   2.9231683e-02   5.5319712e-01   1.6105006e-01  -1.6280736e-01  -5.9919522e-01   4.9784466e-01   1.6421144e+00  -7.0103339e-01  -1.4887098e+00   1.0032730e+00
   2.0000000e+00  -2.1588153e+00  -1.2855453e+00  -1.1605095e+00   9.8690073e-01   1.5307082e+00   1.4332200e-01   2.1907524e+00  -6.2618572e-01   1.6614762e+00   8.4990019e-01
   2.0000000e+00  -1.0788301e+00   7.6353588e-01   6.3253409e-01   1.1356324e+00   4.6960194e-01   8.9165653e-01  -1.9641860e-01  -1.8747566e+00   8.7828661e-01  -9.9478290e-01
   2.0000000e+00   1.9226775e-01  -1.0769878e-02  -9.1788328e-02   1.7770376e+00  -3.7375639e-01  -4.3119627e-01  -1.2301946e+00   8.7386134e-01   1.1314138e+00  -2.0659793e-01
   2.0000000e+00  -4.2783156e-01  -9.9415028e-01   1.4288106e-01  -5.5874557e-01   4.2429275e-01  -5.5299307e-02   1.0783525e+00  -7.3770832e-01   1.1145474e-01  -3.0629833e-01
